Test_Terrain/source/gis_input/terrain.asc
ncols         512
nrows         512
xllcorner     200000.000000
yllcorner     0.000000
cellsize      10.000000
NODATA_value  -9999
[rows 224 to 255 of 512, columns 355 to 425 of 512]
-7.30 -7.10 -6.40 -5.70 -5.70 -6.20 -6.90 -7.00 -7.00 -6.90 -6.80 -6.60 -6.50 -6.30 -5.90 -5.30 -4.90 -4.70 -4.40 -4.20 -4.20 -4.30 -4.70 -4.90 -4.90 -4.90 -4.90 -4.90 -4.70 -4.10 -3.70 -3.30 -2.60 -2.00 -1.70 -1.40 -1.20 -0.70 0.10 1.50 2.80 4.50 7.00 15.60 18.80 18.50 16.50 17.30 17.90 18.70 19.70 21.10 25.30 31.70 38.10 41.90 43.90 44.10 42.80 42.90 42.70 42.40 41.40 39.60 37.40 34.88 31.40 28.73 26.00 22.55 18.60
-9.60 -9.70 -9.40 -9.10 -9.00 -9.20 -9.30 -9.00 -8.90 -8.70 -8.40 -8.20 -8.10 -7.90 -7.50 -7.10 -7.00 -6.80 -6.70 -6.60 -6.60 -6.70 -6.90 -6.90 -6.80 -6.70 -6.60 -6.40 -5.90 -5.20 -5.00 -4.70 -4.10 -3.50 -3.10 -2.70 -2.30 -1.70 -0.90 0.10 1.60 3.10 5.00 7.50 14.70 12.10 12.30 13.70 15.10 16.80 21.30 22.10 22.90 26.50 30.20 33.60 41.40 44.50 41.70 41.10 40.90 40.10 39.10 37.80 36.40 34.40 31.10 28.25 26.16 23.29 19.56
-10.90 -11.10 -10.90 -10.50 -10.00 -10.30 -10.30 -10.10 -10.00 -9.90 -9.50 -9.30 -9.20 -9.00 -8.70 -8.60 -8.60 -8.60 -8.50 -8.50 -8.50 -8.60 -8.60 -8.60 -8.30 -8.10 -7.90 -7.70 -7.20 -6.60 -6.20 -5.70 -5.10 -4.80 -4.20 -3.60 -3.10 -2.60 -1.90 -1.00 2.10 3.50 2.80 4.60 6.10 7.20 8.50 10.00 11.50 13.40 17.80 20.10 20.80 29.10 32.50 30.90 34.00 42.50 38.50 38.70 38.00 36.60 35.60 35.20 35.20 34.30 31.30 28.69 26.83 23.89 20.12
-12.00 -12.10 -11.90 -11.40 -10.90 -11.00 -11.00 -10.90 -10.70 -10.50 -10.00 -10.00 -10.00 -9.90 -9.50 -9.50 -9.80 -9.90 -10.00 -10.00 -10.00 -10.00 -9.90 -9.80 -9.40 -9.20 -9.10 -8.90 -8.40 -7.80 -7.30 -6.80 -6.20 -5.70 -5.00 -4.30 -3.80 -3.30 -2.80 -2.00 -1.00 0.00 2.20 2.50 3.80 4.70 5.70 7.10 8.50 10.10 9.20 14.80 23.90 28.30 24.90 28.60 32.10 35.40 34.00 32.70 34.10 32.40 31.80 32.40 34.20 34.50 32.00 29.30 27.42 24.39 20.77
-13.10 -13.00 -12.60 -12.20 -11.80 -11.70 -11.60 -11.50 -11.40 -11.10 -10.80 -10.70 -10.60 -10.40 -10.00 -10.00 -10.50 -10.90 -11.00 -11.10 -11.10 -11.10 -10.90 -10.60 -10.10 -10.00 -10.00 -9.90 -9.30 -8.80 -8.30 -7.80 -7.20 -6.50 -5.80 -5.00 -4.40 -3.90 -3.50 -3.00 -2.00 -0.90 0.20 3.60 5.60 3.40 4.10 5.10 6.20 7.30 6.80 9.20 11.40 18.20 22.00 26.00 29.70 32.10 32.50 27.30 29.60 28.40 29.00 31.10 34.10 34.90 33.10 30.20 28.00 24.85 21.20
-14.10 -13.80 -13.30 -12.90 -12.50 -12.30 -12.20 -12.10 -12.00 -11.80 -11.60 -11.40 -11.30 -11.10 -10.90 -11.00 -11.30 -11.70 -11.90 -12.10 -12.10 -12.00 -11.80 -11.40 -11.00 -10.80 -10.70 -10.40 -10.00 -9.50 -9.10 -8.70 -8.10 -7.40 -6.60 -5.70 -5.00 -4.50 -4.20 -3.80 -2.80 -1.50 0.00 3.10 4.00 3.70 3.30 4.00 4.70 5.10 6.00 7.10 9.10 16.90 19.10 23.10 26.60 28.20 27.90 26.30 24.70 24.40 26.60 30.20 34.00 35.20 34.10 29.10 26.95 25.60 21.75
-14.90 -14.40 -13.90 -13.50 -13.10 -12.90 -12.80 -12.70 -12.60 -12.50 -12.30 -12.20 -12.10 -12.00 -11.90 -12.00 -12.20 -12.50 -12.80 -12.90 -12.90 -12.80 -12.60 -12.20 -11.80 -11.50 -11.30 -10.90 -10.50 -10.00 -9.90 -9.50 -9.10 -8.40 -7.50 -6.60 -5.70 -5.10 -5.00 -4.70 -3.50 -2.00 -0.30 1.80 1.80 2.40 2.80 3.20 3.60 3.70 4.30 5.70 8.30 7.90 15.30 20.20 25.90 28.70 26.90 21.30 20.20 21.30 24.50 29.40 33.70 35.40 32.60 27.70 27.71 26.10 22.01
-15.50 -15.00 -14.40 -13.90 -13.60 -13.40 -13.20 -13.10 -13.10 -13.00 -13.00 -12.90 -12.90 -12.80 -12.80 -12.90 -13.10 -13.30 -13.50 -13.60 -13.60 -13.50 -13.30 -13.00 -12.60 -12.20 -11.90 -11.50 -11.00 -10.60 -10.40 -10.00 -9.90 -9.30 -8.40 -7.50 -6.70 -6.00 -5.60 -5.00 -4.10 -2.70 -1.20 0.10 1.30 1.90 2.40 2.80 2.90 3.00 3.20 4.20 6.10 8.20 13.20 22.10 24.20 24.30 23.00 16.50 16.10 18.80 23.20 28.70 33.20 35.10 32.60 30.20 26.71 24.90 21.71
-15.80 -15.30 -14.80 -14.30 -14.00 -13.70 -13.60 -13.50 -13.50 -13.50 -13.60 -13.60 -13.60 -13.60 -13.60 -13.70 -13.90 -14.00 -14.20 -14.30 -14.20 -14.10 -13.90 -13.60 -13.20 -12.80 -12.40 -12.00 -11.60 -11.20 -10.90 -10.60 -10.40 -9.90 -9.30 -8.50 -7.70 -7.00 -6.40 -5.80 -4.90 -3.80 -2.40 -0.70 0.40 1.30 1.90 2.40 2.60 2.60 2.70 3.20 4.50 6.80 6.30 13.90 18.50 20.10 13.30 12.10 13.40 17.30 27.50 27.90 31.90 33.80 33.50 29.60 28.89 25.05 21.09
-16.00 -15.50 -15.00 -14.60 -14.30 -14.00 -13.90 -13.80 -13.90 -13.90 -14.00 -14.10 -14.20 -14.20 -14.30 -14.40 -14.50 -14.70 -14.70 -14.80 -14.80 -14.60 -14.40 -14.10 -13.80 -13.40 -12.90 -12.50 -12.10 -11.70 -11.40 -11.10 -10.90 -10.50 -9.90 -9.30 -8.60 -7.90 -7.30 -6.70 -6.00 -5.10 -4.10 -2.40 -0.80 0.10 1.10 1.90 2.30 2.30 2.40 2.70 3.40 5.00 4.30 6.10 6.60 10.60 9.10 8.70 8.50 19.40 22.60 26.50 29.70 31.20 31.30 30.10 27.70 24.40 19.80
-16.10 -15.60 -15.20 -14.80 -14.50 -14.20 -14.10 -14.10 -14.10 -14.20 -14.30 -14.50 -14.60 -14.70 -14.80 -14.90 -15.00 -15.10 -15.20 -15.20 -15.20 -15.00 -14.80 -14.50 -14.20 -13.80 -13.40 -12.90 -12.50 -12.20 -11.90 -11.60 -11.30 -10.90 -10.50 -9.90 -9.30 -8.70 -8.10 -7.60 -7.00 -6.30 -5.60 -4.40 -2.80 -1.40 -0.10 1.00 1.70 2.00 2.20 2.30 2.60 3.60 5.00 4.50 5.50 6.90 6.50 7.30 7.50 20.70 22.20 24.20 26.80 28.00 28.60 28.00 26.40 23.80 20.70
-16.00 -15.60 -15.20 -14.90 -14.60 -14.40 -14.30 -14.30 -14.30 -14.40 -14.60 -14.70 -14.90 -15.10 -15.20 -15.30 -15.40 -15.50 -15.50 -15.50 -15.50 -15.30 -15.10 -14.80 -14.50 -14.10 -13.70 -13.30 -12.90 -12.50 -12.20 -11.90 -11.70 -11.30 -11.00 -10.50 -9.90 -9.40 -8.90 -8.40 -7.90 -7.40 -6.80 -5.90 -4.60 -3.20 -1.70 -0.40 0.50 1.30 1.90 1.90 2.00 2.60 3.60 4.60 5.20 5.20 5.40 6.60 9.00 18.50 20.10 21.00 22.90 23.80 25.00 25.40 24.90 23.10 20.50
-15.90 -15.50 -15.20 -15.00 -14.70 -14.60 -14.50 -14.40 -14.50 -14.60 -14.70 -14.90 -15.10 -15.30 -15.50 -15.60 -15.70 -15.80 -15.80 -15.80 -15.70 -15.60 -15.30 -15.10 -14.70 -14.30 -13.90 -13.60 -13.20 -12.80 -12.50 -12.30 -12.00 -11.70 -11.40 -10.90 -10.50 -9.90 -9.50 -9.00 -8.70 -8.30 -7.80 -7.10 -6.10 -4.80 -3.40 -2.00 -0.40 0.60 1.40 1.60 1.70 2.00 2.80 3.60 4.10 4.40 5.10 6.60 9.00 15.10 17.00 17.10 18.70 20.10 21.40 22.50 22.70 22.00 20.40
-15.80 -15.50 -15.20 -15.00 -14.80 -14.70 -14.60 -14.60 -14.70 -14.80 -14.90 -15.10 -15.30 -15.50 -15.70 -15.80 -15.90 -16.00 -16.00 -16.00 -15.90 -15.70 -15.50 -15.20 -14.90 -14.50 -14.10 -13.80 -13.40 -13.10 -12.80 -12.60 -12.30 -12.10 -11.70 -11.40 -10.90 -10.40 -10.00 -9.60 -9.30 -9.00 -8.60 -8.10 -7.30 -6.20 -5.00 -3.80 -1.80 -0.20 0.60 1.10 1.50 2.00 2.60 3.20 3.60 4.00 4.60 5.70 7.20 14.00 15.70 16.30 14.20 16.20 18.00 19.60 20.10 20.20 20.10
-15.60 -15.40 -15.20 -15.00 -14.90 -14.80 -14.80 -14.80 -14.80 -14.90 -15.10 -15.30 -15.50 -15.60 -15.80 -16.00 -16.10 -16.10 -16.10 -16.10 -16.00 -15.80 -15.60 -15.30 -15.00 -14.70 -14.30 -14.00 -13.70 -13.40 -13.10 -12.90 -12.70 -12.40 -12.20 -11.80 -11.40 -10.90 -10.40 -10.00 -9.90 -9.60 -9.30 -8.90 -8.30 -7.30 -6.10 -4.70 -2.90 -1.40 -0.30 0.10 0.80 1.50 2.00 2.70 3.20 3.60 4.00 4.50 8.20 9.80 16.60 18.80 9.70 13.80 14.40 16.90 17.50 18.20 19.50
-15.50 -15.40 -15.20 -15.10 -15.00 -15.00 -15.00 -15.00 -15.00 -15.10 -15.30 -15.40 -15.60 -15.80 -16.00 -16.10 -16.20 -16.30 -16.30 -16.20 -16.10 -15.90 -15.70 -15.50 -15.10 -14.80 -14.50 -14.20 -13.90 -13.60 -13.40 -13.20 -13.10 -12.90 -12.60 -12.30 -11.90 -11.40 -11.00 -10.60 -10.30 -10.00 -9.90 -9.50 -9.10 -8.10 -6.80 -5.30 -4.00 -3.00 -2.10 -1.40 -0.90 -0.30 0.60 1.70 2.60 3.10 3.30 3.50 3.60 3.80 4.10 4.90 3.30 3.50 6.10 14.10 17.10 17.20 19.10
-15.50 -15.40 -15.30 -15.20 -15.10 -15.10 -15.10 -15.20 -15.30 -15.40 -15.50 -15.70 -15.80 -16.00 -16.20 -16.30 -16.40 -16.40 -16.40 -16.40 -16.20 -16.10 -15.80 -15.60 -15.30 -15.00 -14.60 -14.40 -14.10 -13.90 -13.70 -13.60 -13.50 -13.30 -13.10 -12.80 -12.50 -12.10 -11.60 -11.30 -10.90 -10.60 -10.40 -10.00 -9.80 -8.90 -7.60 -6.30 -5.30 -4.80 -4.50 -4.20 -3.90 -3.20 -1.70 0.00 1.60 2.50 2.80 2.80 2.70 2.60 2.70 3.30 4.40 4.30 3.80 6.70 18.40 18.10 19.20
-15.50 -15.40 -15.30 -15.30 -15.30 -15.30 -15.30 -15.40 -15.50 -15.60 -15.80 -15.90 -16.10 -16.20 -16.40 -16.50 -16.60 -16.60 -16.60 -16.50 -16.40 -16.20 -16.00 -15.70 -15.40 -15.10 -14.80 -14.60 -14.40 -14.20 -14.10 -14.00 -13.90 -13.80 -13.60 -13.40 -13.10 -12.70 -12.30 -12.00 -11.60 -11.30 -11.00 -10.70 -10.00 -9.40 -8.40 -7.50 -6.80 -6.50 -6.30 -6.10 -5.80 -5.10 -3.70 -1.50 0.40 1.80 2.30 2.40 2.20 2.00 2.10 2.40 3.40 5.00 5.30 10.20 19.40 22.60 20.70
-15.50 -15.50 -15.40 -15.40 -15.40 -15.40 -15.50 -15.60 -15.70 -15.90 -16.00 -16.20 -16.30 -16.50 -16.60 -16.70 -16.80 -16.80 -16.70 -16.70 -16.50 -16.30 -16.10 -15.80 -15.60 -15.30 -15.10 -14.80 -14.60 -14.50 -14.40 -14.40 -14.30 -14.30 -14.20 -14.00 -13.70 -13.40 -13.10 -12.70 -12.30 -12.00 -11.60 -11.10 -10.50 -9.90 -9.10 -8.50 -8.10 -7.80 -7.60 -7.40 -6.90 -6.10 -4.60 -2.40 -0.20 1.20 2.00 2.20 2.00 1.90 1.90 2.10 2.80 4.30 6.80 15.30 20.10 23.30 23.30
-15.60 -15.60 -15.60 -15.60 -15.60 -15.70 -15.70 -15.80 -16.00 -16.10 -16.30 -16.50 -16.60 -16.80 -16.90 -16.90 -17.00 -17.00 -16.90 -16.80 -16.70 -16.50 -16.30 -16.00 -15.80 -15.50 -15.30 -15.10 -15.00 -14.90 -14.80 -14.80 -14.80 -14.80 -14.70 -14.60 -14.40 -14.10 -13.80 -13.40 -13.00 -12.60 -12.10 -11.40 -10.70 -10.00 -9.50 -9.30 -9.10 -8.80 -8.50 -8.20 -7.60 -6.70 -5.20 -3.30 -1.00 0.60 1.80 2.10 2.00 1.90 1.90 2.00 2.40 3.90 6.40 10.10 20.10 18.50 20.40
-15.70 -15.70 -15.70 -15.80 -15.80 -15.90 -16.00 -16.10 -16.30 -16.40 -16.60 -16.70 -16.90 -17.00 -17.10 -17.20 -17.20 -17.20 -17.10 -17.00 -16.80 -16.60 -16.40 -16.20 -16.00 -15.80 -15.60 -15.40 -15.30 -15.20 -15.20 -15.20 -15.30 -15.30 -15.20 -15.20 -15.00 -14.80 -14.50 -14.10 -13.70 -13.20 -12.60 -11.90 -11.20 -10.50 -10.00 -9.90 -9.90 -9.50 -9.20 -8.80 -8.20 -7.40 -6.20 -4.60 -2.70 -0.80 0.70 1.80 2.10 2.00 1.90 1.90 2.10 3.50 5.80 9.20 18.90 17.30 19.40
-15.80 -15.90 -15.90 -16.00 -16.10 -16.20 -16.30 -16.40 -16.60 -16.70 -16.90 -17.00 -17.20 -17.30 -17.40 -17.40 -17.40 -17.40 -17.30 -17.10 -17.00 -16.80 -16.60 -16.40 -16.20 -16.00 -15.90 -15.80 -15.70 -15.70 -15.70 -15.70 -15.80 -15.80 -15.80 -15.80 -15.70 -15.50 -15.20 -14.80 -14.40 -13.80 -13.20 -12.50 -11.80 -11.20 -10.70 -10.50 -10.30 -10.00 -9.60 -9.20 -8.80 -8.20 -7.30 -6.10 -4.70 -3.10 -1.00 0.80 1.90 2.00 1.90 1.90 2.10 3.10 4.80 7.30 11.10 14.70 16.80
-16.00 -16.10 -16.20 -16.30 -16.40 -16.50 -16.60 -16.80 -16.90 -17.10 -17.20 -17.40 -17.50 -17.60 -17.60 -17.70 -17.60 -17.60 -17.50 -17.30 -17.10 -16.90 -16.70 -16.50 -16.40 -16.20 -16.10 -16.10 -16.10 -16.10 -16.20 -16.30 -16.30 -16.40 -16.40 -16.40 -16.30 -16.10 -15.90 -15.50 -15.10 -14.50 -13.90 -13.20 -12.50 -11.90 -11.50 -11.20 -10.80 -10.40 -10.00 -9.60 -9.30 -8.90 -8.30 -7.50 -6.30 -4.90 -3.00 -0.40 1.40 1.80 1.60 1.60 2.00 2.60 3.60 5.20 7.70 10.50 14.40
-16.10 -16.30 -16.40 -16.60 -16.70 -16.80 -17.00 -17.10 -17.30 -17.40 -17.60 -17.70 -17.80 -17.90 -17.90 -17.90 -17.80 -17.80 -17.60 -17.50 -17.30 -17.10 -16.90 -16.70 -16.60 -16.50 -16.40 -16.40 -16.50 -16.60 -16.70 -16.80 -16.90 -17.00 -17.10 -17.10 -17.00 -16.90 -16.60 -16.20 -15.80 -15.30 -14.60 -14.00 -13.30 -12.70 -12.30 -11.90 -11.50 -11.00 -10.50 -10.00 -9.90 -9.60 -9.20 -8.50 -7.50 -6.20 -4.50 -2.00 0.10 1.10 1.10 1.50 1.90 2.30 2.60 3.00 3.50 3.00 3.00
-16.40 -16.50 -16.70 -16.90 -17.00 -17.20 -17.30 -17.50 -17.60 -17.80 -17.90 -18.00 -18.10 -18.20 -18.20 -18.10 -18.10 -18.00 -17.80 -17.60 -17.50 -17.30 -17.10 -16.90 -16.80 -16.70 -16.70 -16.80 -16.90 -17.00 -17.20 -17.40 -17.50 -17.70 -17.80 -17.80 -17.70 -17.60 -17.30 -17.00 -16.60 -16.00 -15.40 -14.80 -14.10 -13.60 -13.10 -12.70 -12.20 -11.70 -11.20 -10.70 -10.50 -10.00 -9.90 -9.20 -8.30 -7.10 -5.60 -3.60 -1.10 0.50 1.00 1.40 1.70 1.80 1.70 1.50 1.80 2.00 2.10
-16.60 -16.80 -17.00 -17.20 -17.40 -17.50 -17.70 -17.90 -18.00 -18.10 -18.30 -18.40 -18.40 -18.40 -18.40 -18.40 -18.30 -18.10 -18.00 -17.80 -17.60 -17.40 -17.30 -17.10 -17.00 -17.00 -17.00 -17.10 -17.30 -17.50 -17.70 -18.00 -18.20 -18.30 -18.50 -18.50 -18.50 -18.40 -18.10 -17.80 -17.40 -16.90 -16.30 -15.60 -15.00 -14.50 -14.00 -13.50 -13.00 -12.50 -12.00 -11.50 -11.20 -10.70 -10.00 -9.50 -8.70 -7.60 -6.20 -4.50 -2.40 -0.70 0.20 0.60 0.50 0.20 0.00 -0.20 -0.40 -0.90 -1.40
-16.80 -17.00 -17.30 -17.50 -17.70 -17.90 -18.10 -18.20 -18.40 -18.50 -18.60 -18.70 -18.70 -18.70 -18.70 -18.60 -18.50 -18.30 -18.10 -18.00 -17.80 -17.60 -17.50 -17.40 -17.30 -17.30 -17.30 -17.50 -17.70 -18.00 -18.30 -18.60 -18.80 -19.00 -19.20 -19.30 -19.30 -19.10 -18.80 -18.50 -18.20 -17.70 -17.10 -16.50 -15.90 -15.40 -14.90 -14.40 -13.90 -13.30 -12.80 -12.20 -11.70 -11.20 -10.50 -9.90 -9.00 -7.80 -6.60 -5.10 -3.80 -2.60 -2.00 -1.70 -1.80 -2.10 -2.30 -2.50 -2.90 -3.50 -4.20
-17.00 -17.30 -17.50 -17.80 -18.00 -18.20 -18.40 -18.60 -18.70 -18.80 -18.90 -19.00 -19.00 -19.00 -18.90 -18.80 -18.60 -18.50 -18.30 -18.10 -18.00 -17.80 -17.70 -17.60 -17.60 -17.60 -17.70 -17.80 -18.10 -18.50 -18.90 -19.20 -19.40 -19.50 -19.90 -20.00 -20.00 -19.90 -19.50 -19.30 -19.00 -18.60 -18.00 -17.40 -16.80 -16.20 -15.70 -15.20 -14.70 -14.10 -13.40 -12.80 -12.10 -11.40 -10.70 -10.00 -9.10 -8.10 -7.00 -6.00 -5.10 -4.80 -4.70 -4.70 -4.70 -4.80 -4.90 -5.00 -5.20 -5.60 -6.20
-17.20 -17.50 -17.80 -18.00 -18.30 -18.50 -18.70 -18.90 -19.00 -19.10 -19.20 -19.20 -19.20 -19.20 -19.10 -19.00 -18.80 -18.60 -18.40 -18.30 -18.10 -18.00 -17.90 -17.80 -17.80 -17.90 -18.00 -18.20 -18.50 -18.90 -19.40 -19.90 -20.00 -20.00 -20.50 -20.60 -20.60 -20.40 -20.00 -20.00 -19.90 -19.40 -18.90 -18.30 -17.70 -17.10 -16.50 -15.90 -15.40 -14.70 -14.00 -13.20 -12.40 -11.60 -10.80 -9.90 -9.10 -8.30 -7.50 -6.90 -6.70 -6.90 -7.30 -7.40 -7.50 -7.50 -7.60 -7.60 -7.70 -7.90 -8.20
-17.30 -17.70 -18.00 -18.30 -18.60 -18.80 -19.00 -19.20 -19.30 -19.40 -19.40 -19.40 -19.40 -19.40 -19.20 -19.10 -18.90 -18.70 -18.60 -18.40 -18.30 -18.20 -18.10 -18.10 -18.10 -18.20 -18.40 -18.60 -18.90 -19.40 -20.00 -20.50 -20.80 -21.00 -21.30 -21.50 -21.50 -21.30 -21.00 -20.80 -20.50 -20.10 -19.80 -19.20 -18.50 -17.80 -17.20 -16.60 -15.90 -15.20 -14.40 -13.50 -12.70 -11.80 -10.90 -9.90 -9.20 -8.50 -8.00 -7.80 -8.10 -8.70 -9.40 -9.80 -9.90 -9.90 -9.90 -9.90 -9.90 -9.90 -9.90
-17.50 -17.80 -18.10 -18.50 -18.80 -19.00 -19.20 -19.40 -19.50 -19.60 -19.60 -19.60 -19.60 -19.50 -19.30 -19.20 -19.00 -18.80 -18.70 -18.50 -18.40 -18.40 -18.30 -18.40 -18.50 -18.60 -18.80 -19.00 -19.40 -20.00 -20.70 -21.30 -21.80 -22.20 -22.50 -22.60 -22.60 -22.40 -22.10 -21.80 -21.50 -21.00 -20.60 -20.00 -19.20 -18.60 -17.90 -17.10 -16.40 -15.60 -14.70 -13.90 -13.00 -12.10 -11.10 -10.10 -9.40 -8.80 -8.50 -8.60 -9.10 -9.90 -10.80 -11.30 -11.60 -11.60 -11.60 -11.40 -11.30 -11.20 -11.00
-17.50 -17.90 -18.30 -18.60 -18.90 -19.20 -19.40 -19.60 -19.70 -19.80 -19.80 -19.70 -19.70 -19.50 -19.40 -19.20 -19.00 -18.90 -18.80 -18.70 -18.60 -18.50 -18.50 -18.60 -18.80 -19.00 -19.30 -19.50 -20.00 -20.80 -21.60 -22.40 -23.00 -23.50 -23.80 -23.90 -23.90 -23.70 -23.40 -23.00 -22.60 -22.10 -21.50 -20.80 -20.00 -19.30 -18.50 -17.70 -16.80 -15.90 -15.10 -14.20 -13.40 -12.50 -11.60 -10.80 -9.90 -9.30 -9.10 -9.30 -10.00 -11.00 -11.90 -12.50 -12.80 -12.90 -12.70 -12.50 -12.20 -11.90 -11.50
