Test_Terrain/source/gis_input/terrain.asc
ncols         512
nrows         512
xllcorner     200000.000000
yllcorner     0.000000
cellsize      10.000000
NODATA_value  -9999
[rows 128 to 159 of 512, columns 142 to 212 of 512]
-58.70 -58.10 -57.30 -56.60 -55.80 -55.10 -54.30 -53.70 -53.20 -52.90 -52.80 -52.80 -52.80 -52.90 -53.00 -53.10 -53.30 -53.60 -53.90 -54.30 -54.50 -54.70 -54.80 -54.80 -54.80 -54.70 -54.60 -54.50 -54.50 -54.50 -54.60 -54.60 -54.70 -54.70 -54.70 -54.60 -54.40 -54.20 -53.90 -53.70 -53.30 -52.60 -51.40 -49.50 -46.90 -43.70 -40.20 -36.70 -33.20 -30.10 -27.20 -24.50 -22.10 -20.10 -18.50 -17.20 -16.30 -15.60 -15.10 -14.80 -14.70 -14.70 -14.40 -13.80 -12.70 -11.40 -10.00 -8.50 -7.10 -5.60 -3.80
-58.60 -57.80 -57.00 -56.10 -55.30 -54.30 -53.40 -52.50 -51.70 -51.10 -50.80 -50.60 -50.50 -50.40 -50.40 -50.60 -51.00 -51.50 -52.00 -52.60 -53.10 -53.50 -53.80 -53.90 -54.10 -54.10 -54.10 -54.10 -54.10 -54.10 -54.30 -54.40 -54.50 -54.60 -54.70 -54.70 -54.60 -54.50 -54.40 -54.20 -54.00 -53.60 -52.80 -51.40 -49.50 -46.90 -43.90 -40.70 -37.60 -34.60 -31.80 -29.10 -26.60 -24.30 -22.30 -20.80 -19.60 -18.60 -17.90 -17.50 -17.40 -17.20 -16.90 -16.10 -14.80 -13.30 -11.70 -10.10 -8.40 -6.70 -4.50
-58.40 -57.60 -56.70 -55.70 -54.70 -53.60 -52.50 -51.20 -49.80 -48.50 -47.70 -47.20 -46.70 -46.40 -46.30 -46.50 -47.10 -47.90 -48.90 -49.90 -50.80 -51.50 -52.00 -52.40 -52.80 -53.10 -53.20 -53.30 -53.40 -53.60 -53.80 -54.00 -54.20 -54.50 -54.60 -54.80 -54.80 -54.80 -54.70 -54.60 -54.50 -54.30 -53.80 -52.90 -51.40 -49.50 -47.10 -44.50 -41.80 -39.20 -36.60 -34.00 -31.60 -29.30 -27.20 -25.40 -23.90 -22.50 -21.60 -21.10 -20.80 -20.50 -20.00 -18.80 -17.00 -15.30 -13.50 -11.80 -9.90 -7.90 -5.60
-58.30 -57.40 -56.50 -55.40 -54.30 -53.00 -51.60 -49.90 -47.60 -45.00 -43.30 -42.00 -40.90 -40.10 -39.80 -40.00 -40.90 -42.40 -44.00 -45.50 -46.90 -48.00 -49.10 -50.00 -50.70 -51.30 -51.80 -52.20 -52.50 -52.80 -53.10 -53.50 -53.90 -54.20 -54.50 -54.70 -54.90 -55.00 -55.00 -55.00 -55.00 -54.80 -54.50 -53.90 -52.90 -51.50 -49.70 -47.70 -45.60 -43.40 -41.20 -38.90 -36.70 -34.50 -32.50 -30.70 -29.00 -27.60 -26.50 -25.80 -25.30 -24.60 -23.60 -21.60 -19.40 -17.40 -15.50 -13.60 -11.60 -9.50 -7.20
-58.20 -57.30 -56.30 -55.20 -54.00 -52.60 -51.00 -49.20 -46.40 -43.00 -39.60 -37.00 -34.70 -33.10 -32.30 -32.20 -33.10 -34.80 -36.80 -38.80 -40.80 -42.60 -44.50 -46.00 -47.40 -48.60 -49.60 -50.40 -51.00 -51.60 -52.20 -52.80 -53.30 -53.80 -54.30 -54.60 -54.90 -55.10 -55.20 -55.30 -55.30 -55.20 -55.10 -54.70 -54.00 -53.10 -51.80 -50.30 -48.90 -47.20 -45.40 -43.50 -41.60 -39.70 -37.80 -36.10 -34.50 -33.20 -32.00 -31.00 -30.10 -29.10 -27.50 -24.90 -22.00 -19.60 -17.60 -15.30 -13.20 -11.10 -8.90
-58.10 -57.20 -56.30 -55.20 -54.00 -52.50 -50.70 -49.10 -46.30 -42.50 -38.10 -33.70 -29.50 -26.90 -25.20 -24.40 -24.80 -26.50 -28.80 -31.10 -33.40 -35.60 -37.80 -40.10 -42.40 -44.50 -46.20 -47.60 -48.80 -49.80 -50.80 -51.70 -52.50 -53.30 -53.90 -54.40 -54.90 -55.20 -55.40 -55.50 -55.50 -55.50 -55.50 -55.30 -54.80 -54.20 -53.40 -52.40 -51.30 -50.10 -48.90 -47.40 -46.00 -44.50 -42.90 -41.30 -40.00 -38.70 -37.50 -36.30 -35.10 -33.50 -31.30 -28.40 -25.10 -22.00 -19.40 -17.00 -14.60 -12.40 -10.10
-58.10 -57.20 -56.30 -55.20 -54.10 -52.90 -51.50 -49.90 -47.20 -43.10 -38.00 -32.50 -27.10 -22.90 -20.00 -18.10 -17.70 -19.00 -21.10 -23.50 -25.90 -28.10 -30.40 -32.90 -35.60 -38.50 -41.20 -43.60 -45.60 -47.30 -48.80 -50.20 -51.40 -52.40 -53.30 -54.00 -54.60 -55.00 -55.40 -55.60 -55.70 -55.80 -55.70 -55.60 -55.40 -55.00 -54.50 -53.90 -53.10 -52.30 -51.40 -50.40 -49.50 -48.50 -47.20 -46.00 -44.90 -43.80 -42.60 -41.40 -39.90 -37.90 -35.40 -32.20 -28.60 -25.10 -21.80 -18.90 -16.30 -13.70 -11.30
-58.10 -57.20 -56.20 -55.20 -54.10 -53.10 -52.10 -50.90 -48.60 -44.30 -38.80 -32.50 -26.30 -20.90 -16.60 -13.60 -12.60 -13.10 -14.80 -16.90 -19.10 -21.20 -23.50 -26.00 -28.80 -31.80 -34.70 -37.80 -41.10 -43.80 -46.00 -48.00 -49.70 -51.10 -52.20 -53.20 -53.90 -54.60 -55.10 -55.50 -55.70 -55.80 -55.90 -55.90 -55.80 -55.60 -55.30 -54.90 -54.40 -53.90 -53.30 -52.70 -52.10 -51.40 -50.50 -49.70 -49.10 -48.20 -47.10 -45.90 -44.40 -42.20 -39.50 -36.20 -32.50 -28.70 -24.90 -21.40 -18.30 -15.40 -12.70
-58.30 -57.20 -56.10 -54.90 -53.60 -52.30 -51.80 -51.40 -49.20 -45.30 -39.60 -32.90 -26.10 -20.00 -14.80 -11.20 -9.60 -9.50 -10.40 -11.90 -13.80 -16.10 -18.70 -21.40 -24.10 -26.40 -28.70 -31.60 -35.30 -39.10 -42.30 -45.00 -47.20 -49.10 -50.60 -51.80 -52.80 -53.70 -54.40 -55.00 -55.40 -55.70 -55.80 -55.90 -56.00 -55.90 -55.80 -55.60 -55.40 -55.10 -54.70 -54.30 -54.00 -53.50 -52.90 -52.40 -51.90 -51.20 -50.40 -49.50 -48.20 -46.10 -43.40 -40.10 -36.40 -32.50 -28.60 -24.80 -21.10 -17.70 -14.50
-58.30 -57.30 -56.10 -54.80 -53.20 -51.50 -50.30 -50.70 -48.50 -45.50 -39.70 -32.90 -26.00 -19.50 -14.00 -10.20 -8.30 -7.70 -8.10 -9.10 -10.70 -12.90 -15.80 -18.80 -21.60 -23.90 -25.10 -26.90 -29.60 -33.30 -37.30 -40.80 -43.60 -46.00 -47.90 -49.60 -50.90 -52.10 -53.10 -53.90 -54.60 -55.10 -55.50 -55.80 -56.00 -56.10 -56.10 -56.10 -56.00 -55.90 -55.70 -55.50 -55.30 -55.00 -54.70 -54.30 -53.90 -53.40 -52.80 -52.10 -51.00 -49.30 -46.80 -43.80 -40.30 -36.50 -32.60 -28.60 -24.60 -20.80 -17.30
-58.40 -57.40 -56.30 -54.90 -53.20 -51.30 -49.50 -48.00 -46.20 -44.20 -38.70 -32.00 -25.40 -19.00 -13.50 -9.80 -8.00 -7.40 -7.70 -8.40 -9.60 -11.60 -14.60 -17.50 -20.00 -21.60 -22.20 -23.10 -24.70 -27.30 -30.70 -34.60 -38.30 -41.40 -43.90 -46.10 -47.90 -49.50 -50.90 -52.10 -53.20 -54.10 -54.80 -55.40 -55.80 -56.10 -56.30 -56.40 -56.50 -56.50 -56.40 -56.40 -56.30 -56.10 -55.90 -55.60 -55.30 -54.90 -54.40 -53.90 -53.00 -51.60 -49.60 -47.00 -43.90 -40.40 -36.60 -32.70 -28.70 -24.70 -20.80
-58.60 -57.60 -56.60 -55.30 -53.70 -51.80 -49.80 -47.70 -45.40 -42.10 -36.30 -29.90 -24.00 -17.90 -12.60 -9.60 -8.30 -8.00 -8.40 -9.00 -10.30 -12.30 -14.70 -16.90 -18.70 -19.30 -19.40 -19.70 -20.60 -22.20 -24.60 -27.70 -31.20 -34.60 -38.00 -40.90 -43.30 -45.60 -47.70 -49.40 -51.00 -52.40 -53.60 -54.60 -55.40 -56.00 -56.40 -56.70 -56.90 -57.00 -57.00 -57.10 -57.00 -56.90 -56.80 -56.50 -56.20 -55.90 -55.50 -55.00 -54.40 -53.30 -51.80 -49.70 -47.00 -43.90 -40.50 -36.80 -32.90 -29.00 -25.10
-58.90 -57.80 -56.80 -55.70 -54.30 -52.40 -50.20 -47.50 -44.20 -39.10 -32.90 -26.90 -21.50 -16.50 -11.90 -9.60 -9.00 -9.10 -9.70 -10.10 -11.40 -13.30 -14.70 -15.80 -16.60 -16.80 -16.70 -16.60 -16.90 -17.80 -19.20 -21.20 -23.70 -26.70 -30.10 -33.50 -36.80 -40.00 -42.90 -45.50 -47.90 -50.00 -51.90 -53.40 -54.60 -55.60 -56.30 -56.80 -57.10 -57.40 -57.50 -57.60 -57.70 -57.60 -57.50 -57.30 -57.00 -56.60 -56.30 -55.80 -55.30 -54.50 -53.40 -51.70 -49.70 -47.10 -44.00 -40.70 -37.20 -33.50 -29.60
-59.20 -58.10 -57.10 -56.00 -54.70 -52.80 -50.20 -46.90 -42.20 -35.90 -29.70 -24.50 -19.80 -15.50 -11.70 -10.10 -9.80 -9.90 -10.20 -10.60 -11.60 -12.60 -13.40 -13.90 -14.20 -14.30 -14.10 -13.90 -13.90 -14.10 -14.60 -15.50 -17.10 -19.20 -22.00 -25.10 -28.50 -32.30 -36.20 -40.30 -43.80 -47.00 -49.60 -51.90 -53.60 -55.00 -56.00 -56.80 -57.30 -57.70 -58.00 -58.20 -58.30 -58.30 -58.20 -58.00 -57.70 -57.30 -56.90 -56.50 -56.00 -55.40 -54.50 -53.30 -51.70 -49.70 -47.20 -44.30 -41.20 -37.80 -34.20
-59.70 -58.40 -57.30 -56.20 -54.80 -52.80 -50.00 -46.10 -40.10 -33.20 -27.80 -23.30 -19.30 -15.70 -12.90 -11.30 -10.80 -10.50 -10.30 -10.40 -10.80 -11.30 -11.60 -11.80 -12.00 -12.10 -12.10 -11.90 -11.70 -11.50 -11.40 -11.40 -12.00 -13.20 -15.10 -17.60 -20.60 -24.30 -28.60 -33.70 -38.90 -43.30 -47.10 -50.10 -52.50 -54.30 -55.60 -56.60 -57.40 -57.90 -58.30 -58.60 -58.80 -58.90 -58.80 -58.70 -58.30 -57.90 -57.50 -57.00 -56.60 -56.00 -55.30 -54.40 -53.20 -51.70 -49.70 -47.40 -44.80 -41.90 -38.70
-60.20 -58.90 -57.60 -56.30 -54.80 -52.70 -49.70 -45.40 -39.00 -32.10 -27.40 -23.50 -20.20 -17.20 -14.80 -13.30 -12.30 -11.50 -10.70 -10.10 -9.90 -9.90 -10.00 -10.10 -10.20 -10.60 -10.70 -10.60 -10.40 -10.20 -10.00 -9.60 -9.60 -10.00 -10.90 -12.20 -14.30 -17.50 -21.80 -27.20 -33.30 -39.40 -44.40 -48.40 -51.40 -53.60 -55.20 -56.40 -57.30 -58.00 -58.50 -58.90 -59.20 -59.40 -59.40 -59.30 -59.10 -58.70 -58.20 -57.70 -57.20 -56.60 -56.00 -55.30 -54.40 -53.20 -51.70 -49.90 -47.90 -45.60 -42.80
-60.90 -59.50 -58.00 -56.50 -54.70 -52.50 -49.50 -45.30 -39.10 -32.70 -28.60 -24.90 -21.90 -19.60 -17.80 -16.30 -14.80 -13.30 -11.70 -10.20 -9.50 -9.10 -9.00 -9.30 -9.70 -10.00 -10.20 -10.20 -10.00 -9.90 -9.90 -9.40 -9.10 -9.00 -9.30 -9.80 -10.80 -12.90 -16.70 -22.10 -28.40 -35.30 -41.90 -46.80 -50.40 -53.00 -54.80 -56.20 -57.20 -57.90 -58.60 -59.10 -59.50 -59.80 -59.90 -59.90 -59.70 -59.40 -58.90 -58.40 -57.80 -57.30 -56.70 -56.00 -55.30 -54.40 -53.30 -51.90 -50.40 -48.70 -46.40
-61.70 -60.20 -58.60 -56.90 -54.90 -52.60 -49.60 -45.90 -40.60 -35.10 -30.70 -27.40 -25.20 -23.60 -22.10 -20.60 -18.60 -16.30 -13.80 -11.40 -9.80 -8.80 -8.70 -9.10 -9.90 -10.20 -10.30 -10.30 -10.20 -10.10 -10.00 -9.90 -9.90 -9.90 -9.90 -9.90 -10.00 -11.20 -14.20 -19.40 -25.70 -32.50 -39.80 -45.90 -49.80 -52.50 -54.50 -55.90 -57.00 -57.90 -58.50 -59.10 -59.60 -60.00 -60.30 -60.40 -60.30 -60.00 -59.60 -59.10 -58.50 -57.90 -57.40 -56.70 -56.10 -55.30 -54.50 -53.50 -52.40 -51.10 -49.30
-62.60 -61.10 -59.40 -57.50 -55.30 -52.90 -50.10 -46.90 -43.00 -39.00 -35.60 -33.10 -31.30 -29.80 -28.40 -26.40 -23.70 -20.40 -16.90 -13.40 -10.50 -9.10 -8.70 -9.20 -10.00 -10.60 -10.90 -10.90 -10.80 -10.80 -10.90 -11.20 -11.70 -12.00 -12.30 -12.30 -12.10 -12.80 -15.30 -19.90 -25.70 -32.30 -39.50 -45.70 -49.70 -52.40 -54.40 -55.80 -56.90 -57.80 -58.50 -59.10 -59.60 -60.10 -60.40 -60.70 -60.70 -60.60 -60.20 -59.80 -59.20 -58.60 -58.00 -57.40 -56.80 -56.10 -55.40 -54.70 -53.80 -52.80 -51.40
-63.80 -62.30 -60.50 -58.50 -56.30 -53.80 -51.20 -48.70 -46.20 -43.70 -41.50 -39.70 -38.30 -37.00 -35.40 -33.20 -29.80 -25.60 -21.00 -16.30 -12.30 -10.10 -9.40 -9.90 -10.70 -11.40 -11.70 -11.80 -11.90 -12.00 -12.60 -13.40 -14.50 -15.60 -16.60 -17.20 -17.40 -18.10 -20.10 -23.80 -28.80 -34.80 -41.10 -46.40 -50.10 -52.70 -54.50 -55.80 -56.90 -57.70 -58.40 -59.00 -59.50 -60.00 -60.50 -60.80 -60.90 -60.90 -60.70 -60.40 -59.90 -59.30 -58.70 -58.10 -57.40 -56.80 -56.20 -55.50 -54.80 -54.00 -53.00
-65.30 -63.70 -61.90 -59.90 -57.70 -55.50 -53.20 -51.20 -49.70 -48.30 -47.00 -45.70 -44.50 -43.20 -41.60 -39.70 -36.00 -31.30 -25.90 -20.40 -15.40 -12.20 -10.80 -11.00 -11.70 -12.40 -12.70 -13.00 -13.20 -13.70 -14.70 -16.30 -18.20 -20.30 -22.20 -23.70 -24.50 -25.30 -27.00 -30.20 -34.30 -39.20 -44.10 -48.20 -51.10 -53.20 -54.80 -56.00 -56.90 -57.80 -58.40 -59.00 -59.50 -60.00 -60.50 -60.80 -61.00 -61.10 -61.00 -60.80 -60.40 -59.80 -59.30 -58.70 -58.10 -57.50 -56.80 -56.20 -55.60 -54.90 -54.00
-67.10 -65.50 -63.70 -61.70 -59.70 -57.70 -55.80 -54.20 -52.90 -51.80 -50.80 -49.60 -48.20 -46.60 -44.70 -44.10 -41.30 -36.80 -31.30 -25.40 -19.90 -15.90 -13.60 -13.00 -13.20 -13.50 -13.80 -14.20 -14.70 -15.70 -17.30 -19.70 -22.60 -25.80 -28.90 -31.10 -32.50 -33.60 -35.10 -37.50 -40.60 -44.00 -47.50 -50.20 -52.30 -53.90 -55.10 -56.10 -57.00 -57.80 -58.50 -59.10 -59.60 -60.10 -60.50 -60.80 -61.10 -61.20 -61.20 -61.00 -60.70 -60.30 -59.70 -59.20 -58.60 -58.00 -57.40 -56.80 -56.20 -55.50 -54.80
-69.20 -67.60 -65.80 -63.90 -62.00 -60.20 -58.50 -57.10 -55.90 -54.80 -53.70 -52.40 -51.00 -49.40 -47.90 -47.50 -45.70 -41.80 -36.40 -30.40 -24.50 -19.80 -16.70 -15.30 -14.90 -14.80 -15.00 -15.50 -16.40 -17.90 -20.30 -23.60 -27.60 -32.10 -35.90 -38.30 -40.00 -41.10 -42.40 -44.00 -46.10 -48.20 -50.10 -51.80 -53.20 -54.40 -55.40 -56.30 -57.00 -57.80 -58.50 -59.20 -59.70 -60.20 -60.60 -60.90 -61.20 -61.30 -61.30 -61.20 -60.90 -60.50 -60.10 -59.60 -59.00 -58.50 -57.90 -57.30 -56.70 -56.10 -55.50
-71.60 -70.00 -68.30 -66.40 -64.60 -62.90 -61.40 -60.10 -58.80 -57.60 -56.20 -54.80 -53.30 -52.00 -51.10 -50.50 -49.10 -46.00 -41.10 -35.10 -28.90 -23.40 -19.60 -17.60 -16.70 -16.30 -16.30 -17.00 -18.30 -20.60 -23.80 -28.00 -33.10 -38.00 -41.80 -43.60 -45.10 -46.40 -47.40 -48.40 -49.40 -50.60 -51.80 -52.90 -53.90 -54.80 -55.60 -56.40 -57.10 -57.80 -58.60 -59.30 -59.90 -60.40 -60.80 -61.10 -61.30 -61.40 -61.40 -61.30 -61.10 -60.70 -60.30 -59.80 -59.40 -58.90 -58.30 -57.80 -57.20 -56.60 -56.00
-74.20 -72.70 -71.10 -69.30 -67.50 -65.90 -64.40 -63.00 -61.70 -60.20 -58.60 -57.10 -55.60 -54.40 -53.70 -53.00 -51.80 -49.20 -45.00 -39.20 -32.90 -27.00 -22.40 -19.90 -18.70 -18.00 -18.00 -18.90 -20.90 -23.90 -28.00 -33.10 -38.20 -42.30 -44.10 -44.20 -45.70 -47.40 -48.70 -49.80 -50.70 -51.70 -52.50 -53.40 -54.20 -54.90 -55.70 -56.40 -57.10 -57.80 -58.60 -59.30 -60.00 -60.60 -61.10 -61.40 -61.60 -61.60 -61.60 -61.40 -61.20 -60.90 -60.50 -60.00 -59.60 -59.20 -58.70 -58.20 -57.60 -57.00 -56.40
-77.30 -75.80 -74.20 -72.50 -70.70 -69.10 -67.60 -66.10 -64.60 -62.90 -61.10 -59.40 -57.80 -56.60 -55.80 -55.10 -53.90 -51.60 -48.00 -42.60 -36.60 -30.50 -25.40 -22.30 -21.00 -20.00 -20.10 -21.50 -24.30 -28.40 -33.20 -38.30 -42.60 -45.20 -46.10 -46.10 -46.80 -47.70 -48.90 -50.00 -51.10 -52.00 -52.80 -53.60 -54.30 -55.00 -55.70 -56.40 -57.20 -57.90 -58.60 -59.40 -60.20 -60.80 -61.40 -61.70 -61.90 -61.90 -61.80 -61.60 -61.30 -61.00 -60.60 -60.20 -59.80 -59.40 -59.00 -58.60 -58.00 -57.50 -56.80
-80.90 -79.40 -77.80 -76.10 -74.30 -72.60 -71.00 -69.50 -67.80 -65.90 -63.80 -61.80 -60.00 -58.60 -57.60 -56.80 -55.60 -53.60 -50.30 -45.70 -40.10 -34.20 -28.90 -25.10 -23.40 -22.30 -22.80 -25.00 -28.90 -33.60 -38.50 -42.80 -45.80 -47.50 -48.00 -48.00 -48.20 -48.70 -49.50 -50.40 -51.30 -52.20 -52.90 -53.70 -54.30 -55.00 -55.80 -56.50 -57.20 -58.00 -58.80 -59.60 -60.30 -61.00 -61.60 -62.10 -62.30 -62.30 -62.20 -61.90 -61.50 -61.10 -60.70 -60.30 -59.90 -59.60 -59.20 -58.80 -58.40 -57.90 -57.30
-85.50 -83.70 -82.10 -80.30 -78.40 -76.50 -74.70 -73.00 -71.20 -69.10 -66.80 -64.50 -62.40 -60.70 -59.40 -58.40 -57.10 -55.30 -52.50 -48.50 -43.50 -38.00 -32.90 -28.70 -26.10 -25.20 -26.50 -29.80 -34.20 -38.90 -43.10 -46.20 -48.20 -49.20 -49.50 -49.50 -49.50 -49.70 -50.30 -50.90 -51.70 -52.40 -53.10 -53.80 -54.40 -55.10 -55.80 -56.60 -57.40 -58.10 -58.90 -59.70 -60.50 -61.30 -61.90 -62.40 -62.70 -62.70 -62.60 -62.30 -61.90 -61.40 -60.90 -60.40 -60.00 -59.70 -59.40 -59.10 -58.70 -58.30 -57.70
-90.80 -89.00 -87.30 -85.20 -83.00 -80.80 -78.80 -76.80 -74.80 -72.60 -70.10 -67.50 -65.10 -63.00 -61.40 -60.10 -58.70 -57.00 -54.60 -51.20 -46.90 -42.00 -37.30 -33.40 -30.90 -30.40 -32.00 -35.40 -39.50 -43.60 -46.60 -48.60 -49.90 -50.50 -50.70 -50.60 -50.60 -50.70 -51.10 -51.60 -52.10 -52.70 -53.40 -54.00 -54.70 -55.30 -56.00 -56.80 -57.60 -58.40 -59.20 -60.00 -60.80 -61.50 -62.20 -62.70 -63.00 -63.10 -63.00 -62.70 -62.30 -61.70 -61.20 -60.60 -60.20 -59.80 -59.50 -59.30 -59.00 -58.60 -58.10
-99.00 -99.00 -92.60 -90.60 -88.20 -85.70 -83.20 -81.00 -78.70 -76.30 -73.80 -71.00 -68.20 -65.80 -63.70 -62.10 -60.60 -58.90 -56.60 -53.70 -50.00 -45.90 -41.80 -38.50 -36.30 -36.00 -37.70 -40.80 -44.30 -47.10 -49.10 -50.50 -51.20 -51.60 -51.70 -51.60 -51.60 -51.60 -51.90 -52.30 -52.70 -53.20 -53.80 -54.40 -55.00 -55.70 -56.40 -57.10 -57.80 -58.60 -59.50 -60.30 -61.10 -61.80 -62.50 -63.00 -63.40 -63.60 -63.50 -63.20 -62.80 -62.20 -61.60 -61.00 -60.40 -59.90 -59.60 -59.40 -59.20 -58.90 -58.50
-99.00 -99.00 -99.00 -99.00 -99.00 -90.90 -88.30 -85.70 -83.00 -80.30 -77.60 -74.80 -71.80 -69.00 -66.50 -64.50 -62.70 -61.00 -58.90 -56.20 -53.10 -49.60 -46.20 -43.40 -41.60 -41.20 -42.90 -45.50 -47.90 -49.80 -51.10 -52.00 -52.40 -52.60 -52.60 -52.50 -52.50 -52.60 -52.80 -53.10 -53.50 -54.00 -54.50 -55.00 -55.60 -56.20 -56.80 -57.50 -58.20 -59.00 -59.80 -60.60 -61.40 -62.20 -62.90 -63.40 -63.80 -64.00 -63.90 -63.70 -63.30 -62.70 -62.10 -61.40 -60.80 -60.20 -59.80 -59.50 -59.30 -59.20 -58.90
-99.00 -99.00 -99.00 -99.00 -99.00 -99.00 -99.00 -90.60 -87.70 -84.70 -81.80 -78.80 -75.60 -72.60 -69.80 -67.40 -65.30 -63.30 -61.30 -58.90 -56.10 -53.20 -50.40 -48.00 -46.30 -45.90 -47.30 -49.00 -50.60 -51.90 -52.80 -53.40 -53.60 -53.60 -53.60 -53.60 -53.60 -53.70 -53.90 -54.20 -54.50 -54.90 -55.40 -55.80 -56.30 -56.90 -57.50 -58.10 -58.80 -59.50 -60.20 -61.00 -61.80 -62.60 -63.30 -63.80 -64.20 -64.40 -64.40 -64.20 -63.80 -63.30 -62.60 -62.00 -61.30 -60.60 -60.10 -59.70 -59.50 -59.30 -59.10
