Test_Terrain/source/gis_input/terrain.asc
ncols         512
nrows         512
xllcorner     200000.000000
yllcorner     0.000000
cellsize      10.000000
NODATA_value  -9999
[rows 192 to 223 of 512, columns 426 to 496 of 512]
29.23 28.50 28.50 28.50 28.50 26.50 27.00 27.00 27.00 27.00 27.00 27.00 27.00 27.00 27.00 27.00 25.50 21.80 18.10 15.30 14.30 13.10 11.60 9.90 10.71 10.30 10.41 9.10 11.00 13.20 15.90 18.90 22.20 25.50 27.80 28.20 31.30 27.80 17.50 21.10 4.20 -1.80 -7.30 -13.60 -21.30 -29.80 -37.90 -44.20 -49.00 -52.60 -55.40 -57.80 -59.90 -62.00 -64.00 -65.90 -67.80 -69.80 -71.90 -74.20 -76.90 -79.90 -83.40 -87.30 -91.40 -95.30 -99.00 -99.00 -99.00 -99.00 -99.00
28.50 28.50 28.50 28.50 28.50 27.10 26.80 27.00 27.00 27.00 27.00 27.00 27.00 27.00 27.00 26.00 23.40 20.50 16.50 14.30 11.90 10.40 9.00 7.30 7.31 7.55 7.31 6.40 8.10 11.90 16.90 17.40 20.10 25.00 24.30 26.60 30.80 32.60 18.40 7.90 2.40 -2.00 -6.00 -11.10 -18.10 -26.50 -35.00 -42.40 -47.90 -52.00 -55.00 -57.60 -59.90 -62.10 -64.10 -66.00 -67.90 -69.80 -71.90 -74.10 -76.70 -79.70 -83.30 -87.40 -91.80 -96.00 -99.00 -99.00 -99.00 -99.00 -99.00
28.50 28.50 28.50 28.50 28.50 28.40 27.00 27.00 27.00 27.00 27.00 27.00 27.00 27.00 27.10 25.30 21.40 18.30 15.10 12.60 9.90 8.30 6.70 5.30 4.50 4.50 4.40 4.40 5.40 6.90 14.40 13.90 15.60 18.70 20.60 25.70 14.10 11.40 8.10 9.20 0.80 -1.90 -4.50 -8.50 -14.70 -23.00 -31.90 -40.10 -46.70 -51.20 -54.60 -57.30 -59.80 -62.00 -64.20 -66.20 -68.00 -69.90 -71.80 -74.00 -76.50 -79.40 -83.00 -87.40 -92.20 -96.70 -99.00 -99.00 -99.00 -99.00 -99.00
28.50 28.50 28.50 28.50 28.10 27.70 26.30 26.20 26.00 26.75 26.76 26.75 27.00 26.00 26.20 24.40 21.50 18.30 14.90 11.10 9.30 8.10 6.10 4.90 3.30 3.00 2.80 2.50 3.30 3.70 9.60 3.90 3.60 5.90 9.10 19.20 7.90 5.60 3.50 1.60 -1.80 -0.40 -2.20 -5.90 -11.80 -20.10 -29.30 -38.10 -45.40 -50.40 -54.10 -57.00 -59.60 -62.00 -64.20 -66.30 -68.20 -70.00 -71.90 -74.00 -76.30 -79.00 -82.50 -87.40 -92.60 -97.50 -99.00 -99.00 -99.00 -99.00 -99.00
28.50 28.50 28.50 28.50 27.60 25.00 24.99 25.05 25.37 26.75 26.74 26.76 26.50 25.90 25.20 23.50 21.60 18.40 12.90 9.00 8.10 7.10 6.10 5.10 3.40 2.00 1.90 1.80 2.20 3.20 3.70 4.10 3.00 3.50 4.10 3.90 3.00 1.70 -4.10 -6.70 -0.90 -1.80 -0.20 -3.90 -9.80 -18.00 -27.50 -36.70 -44.40 -49.70 -53.60 -56.70 -59.40 -61.90 -64.20 -66.30 -68.40 -70.30 -72.20 -74.20 -76.40 -79.10 -82.60 -87.70 -93.20 -98.10 -99.00 -99.00 -99.00 -99.00 -99.00
28.50 28.50 28.50 28.00 27.10 24.40 23.85 23.73 24.71 25.48 26.15 26.71 25.60 24.90 23.30 21.60 18.70 15.50 11.80 7.50 6.40 6.10 5.10 4.30 2.90 1.70 1.60 1.60 1.90 2.30 2.00 1.30 0.90 0.90 0.90 0.70 0.30 -5.00 -3.90 0.50 1.00 1.70 -1.40 -3.10 -9.20 -17.00 -26.50 -36.00 -43.70 -49.10 -53.10 -56.30 -59.20 -61.80 -64.20 -66.40 -68.60 -70.60 -72.70 -74.70 -76.90 -79.60 -83.30 -88.50 -94.00 -99.00 -99.00 -99.00 -99.00 -99.00 -99.00
30.00 29.00 27.90 26.80 25.80 22.90 22.66 22.44 23.12 23.44 23.40 22.40 21.70 22.00 20.30 17.70 14.80 10.60 8.80 6.20 4.40 3.10 2.30 1.90 1.80 1.60 1.50 1.50 1.60 1.50 0.50 -0.20 -0.70 -1.20 -1.40 -1.40 -6.10 -3.40 -1.30 6.90 7.90 5.40 0.40 -3.80 -9.80 -17.00 -26.40 -35.90 -43.20 -48.60 -52.70 -56.00 -59.00 -61.70 -64.20 -66.50 -68.80 -71.00 -73.30 -75.40 -77.80 -80.50 -84.60 -89.80 -95.10 -99.00 -99.00 -99.00 -99.00 -99.00 -99.00
30.70 28.90 27.80 25.60 23.60 21.70 22.00 20.90 21.18 21.18 20.81 19.60 18.70 18.90 17.30 14.70 12.80 9.50 7.60 5.40 3.80 2.70 2.00 1.80 1.70 1.60 1.40 1.20 0.80 0.10 -1.00 -2.10 -3.10 -3.90 -4.30 -4.10 -3.00 -0.60 2.00 4.60 10.60 4.00 0.40 -4.80 -10.80 -17.40 -26.50 -35.80 -42.90 -48.20 -52.40 -55.80 -58.90 -61.70 -64.20 -66.60 -69.00 -71.40 -73.80 -76.10 -78.60 -81.40 -85.70 -91.10 -96.40 -99.00 -99.00 -99.00 -99.00 -99.00 -99.00
30.10 29.50 27.50 25.30 23.30 21.50 20.00 19.60 19.82 19.79 19.09 16.90 15.90 16.10 14.40 12.70 11.60 8.10 7.40 5.70 3.40 2.50 2.00 1.90 1.80 1.50 1.20 0.60 -0.10 -1.20 -2.50 -3.70 -4.70 -5.30 -5.30 -4.70 -2.90 0.10 3.70 7.10 12.50 2.40 1.30 -3.90 -10.00 -17.10 -26.40 -35.70 -42.70 -48.00 -52.20 -55.80 -58.90 -61.80 -64.40 -66.80 -69.10 -71.40 -73.80 -76.10 -78.70 -81.90 -86.60 -92.10 -97.40 -99.00 -99.00 -99.00 -99.00 -99.00 -99.00
30.00 28.60 26.80 24.90 23.00 21.30 19.90 19.40 19.17 19.30 18.72 14.30 14.30 13.40 12.60 10.60 9.20 6.60 5.10 3.80 2.90 2.20 1.90 1.80 1.60 1.20 0.60 -0.20 -1.40 -2.60 -3.80 -4.90 -5.60 -5.80 -5.60 -4.60 -2.70 0.40 4.10 12.50 6.80 9.90 1.90 -3.10 -9.40 -16.90 -26.30 -35.70 -42.60 -47.90 -52.20 -55.80 -59.10 -62.00 -64.60 -66.90 -69.20 -71.40 -73.70 -76.10 -78.90 -82.40 -87.50 -93.10 -98.10 -99.00 -99.00 -99.00 -99.00 -99.00 -99.00
29.10 27.80 26.10 24.30 22.50 20.90 19.70 18.20 16.80 16.30 14.90 13.70 12.60 11.70 10.70 8.30 6.70 5.20 4.00 3.00 2.40 2.00 1.70 1.60 1.20 0.60 -0.20 -1.60 -2.90 -3.90 -4.90 -5.50 -6.00 -6.00 -5.70 -4.80 -3.30 -0.40 0.50 2.00 6.20 3.80 3.40 0.60 -10.00 -17.60 -26.70 -35.90 -42.90 -48.10 -52.40 -56.10 -59.40 -62.30 -64.90 -67.20 -69.40 -71.60 -73.90 -76.40 -79.50 -83.40 -88.60 -94.10 -99.00 -99.00 -99.00 -99.00 -99.00 -99.00 -99.00
28.30 27.10 25.50 23.70 21.90 20.20 19.10 17.90 16.50 14.90 13.40 13.00 10.90 10.90 9.80 7.30 6.60 4.60 3.40 2.40 1.90 1.70 1.50 1.20 0.60 -0.30 -1.70 -3.20 -4.40 -5.00 -5.60 -6.10 -6.40 -6.50 -6.20 -5.50 -4.50 -2.60 -0.20 1.70 2.80 1.90 1.00 -2.90 -12.60 -20.00 -28.00 -36.90 -43.70 -48.80 -52.90 -56.50 -59.80 -62.80 -65.40 -67.70 -69.80 -72.00 -74.40 -77.10 -80.50 -84.90 -90.20 -95.40 -99.00 -99.00 -99.00 -99.00 -99.00 -99.00 -99.00
27.70 26.50 25.00 23.30 21.60 20.00 18.90 17.80 16.30 14.60 13.00 11.40 10.10 9.20 8.10 7.90 6.70 4.70 3.30 2.10 1.70 1.40 1.10 0.50 -0.30 -1.70 -3.30 -4.60 -5.40 -5.90 -6.30 -6.90 -7.40 -7.80 -8.00 -7.90 -7.40 -6.40 -4.60 -2.90 -1.00 -2.80 -5.60 -10.60 -17.40 -24.10 -31.30 -39.10 -45.30 -49.90 -53.70 -57.20 -60.40 -63.30 -65.90 -68.30 -70.50 -72.70 -75.20 -78.20 -81.90 -86.60 -91.90 -96.90 -99.00 -99.00 -99.00 -99.00 -99.00 -99.00 -99.00
27.00 26.00 24.70 23.20 21.60 20.20 19.20 18.00 16.40 14.40 12.50 10.90 9.80 8.70 7.70 6.70 5.80 4.80 3.40 2.10 1.70 1.30 0.60 -0.20 -1.70 -3.30 -4.60 -5.50 -6.10 -6.60 -7.30 -8.20 -9.30 -10.40 -11.40 -12.10 -12.40 -12.30 -10.60 -9.20 -8.80 -9.80 -12.60 -17.40 -23.60 -30.10 -36.40 -42.40 -47.30 -51.30 -54.80 -58.00 -61.10 -64.00 -66.60 -68.90 -71.20 -73.50 -76.20 -79.50 -83.60 -88.40 -93.50 -99.00 -99.00 -99.00 -99.00 -99.00 -99.00 -99.00 -99.00
26.30 25.50 24.50 23.20 22.00 20.80 19.90 18.60 16.60 14.30 12.10 10.30 9.10 8.20 7.30 6.40 5.50 4.70 3.30 2.30 1.90 1.10 0.00 -1.40 -3.10 -4.60 -5.50 -6.10 -6.70 -7.60 -8.80 -10.50 -12.40 -14.40 -16.40 -18.00 -18.80 -18.90 -18.00 -17.30 -17.30 -18.60 -21.40 -25.80 -31.00 -35.90 -40.80 -45.40 -49.40 -52.80 -55.90 -58.90 -61.90 -64.70 -67.30 -69.70 -72.00 -74.50 -77.30 -80.80 -85.10 -90.00 -94.90 -99.00 -99.00 -99.00 -99.00 -99.00 -99.00 -99.00 -99.00
25.60 25.00 24.20 23.20 22.20 21.20 20.30 19.30 16.80 14.00 11.50 9.80 8.50 7.60 6.70 5.80 4.70 3.60 2.70 2.00 1.50 0.70 -0.50 -2.40 -4.30 -5.40 -6.10 -6.70 -7.60 -9.00 -11.10 -13.90 -17.20 -20.60 -23.70 -26.20 -27.10 -27.20 -26.50 -26.10 -26.50 -27.90 -30.60 -34.10 -37.60 -41.10 -44.60 -48.10 -51.30 -54.30 -57.20 -60.00 -62.70 -65.40 -68.00 -70.40 -72.80 -75.40 -78.40 -82.00 -86.60 -91.60 -96.30 -99.00 -99.00 -99.00 -99.00 -99.00 -99.00 -99.00 -99.00
26.70 25.30 23.70 23.00 22.20 21.30 20.40 19.30 16.60 13.50 10.70 9.00 7.80 6.90 6.00 5.00 3.50 2.30 1.90 1.50 1.00 0.00 -1.40 -3.40 -5.00 -6.00 -6.70 -7.50 -8.80 -11.00 -14.20 -18.20 -22.70 -27.20 -31.30 -34.50 -35.10 -35.30 -35.10 -35.10 -35.60 -36.80 -38.60 -40.60 -42.80 -45.20 -47.80 -50.50 -53.10 -55.80 -58.40 -61.10 -63.70 -66.20 -68.70 -71.20 -73.70 -76.40 -79.60 -83.50 -88.10 -93.00 -97.70 -99.00 -99.00 -99.00 -99.00 -99.00 -99.00 -99.00 -99.00
27.70 26.40 26.90 24.40 21.80 21.30 20.50 19.20 16.20 12.80 10.10 8.40 7.20 6.30 5.50 4.30 2.50 1.60 1.30 1.00 0.50 -0.30 -2.20 -4.30 -5.70 -6.70 -7.50 -8.70 -10.60 -13.70 -17.80 -22.60 -27.90 -33.10 -37.50 -40.00 -39.20 -39.60 -40.10 -40.60 -41.30 -42.30 -43.70 -45.10 -46.70 -48.40 -50.40 -52.50 -54.80 -57.20 -59.70 -62.20 -64.70 -67.10 -69.50 -71.90 -74.50 -77.30 -80.60 -84.70 -89.40 -94.20 -99.00 -99.00 -99.00 -99.00 -99.00 -99.00 -99.00 -99.00 -99.00
22.70 22.40 21.90 21.40 21.10 20.80 20.20 18.80 15.50 12.00 9.60 7.80 6.50 5.60 4.80 3.60 2.10 1.30 0.90 0.50 0.00 -1.20 -2.90 -4.80 -6.30 -7.50 -8.70 -10.40 -13.00 -16.70 -21.40 -26.80 -32.60 -38.10 -42.30 -44.00 -42.30 -42.50 -43.10 -43.90 -44.70 -45.70 -46.80 -48.00 -49.30 -50.70 -52.40 -54.20 -56.20 -58.50 -60.90 -63.30 -65.70 -68.00 -70.40 -72.80 -75.30 -78.20 -81.60 -85.80 -90.40 -95.00 -99.00 -99.00 -99.00 -99.00 -99.00 -99.00 -99.00 -99.00 -99.00
22.70 21.40 20.90 20.10 19.80 19.70 19.40 18.20 14.80 11.80 9.30 7.30 5.90 4.90 4.00 3.00 2.00 1.20 0.50 0.00 -0.90 -2.20 -3.80 -5.50 -7.20 -8.80 -10.40 -12.60 -15.60 -19.70 -24.70 -30.40 -36.40 -41.90 -45.80 -46.60 -45.10 -45.00 -45.40 -46.00 -46.70 -47.60 -48.70 -49.80 -51.10 -52.40 -53.90 -55.60 -57.50 -59.70 -62.00 -64.40 -66.70 -69.00 -71.20 -73.60 -76.20 -79.20 -82.60 -86.70 -91.20 -95.60 -99.00 -99.00 -99.00 -99.00 -99.00 -99.00 -99.00 -99.00 -99.00
26.30 23.70 19.70 18.30 21.70 20.80 19.10 17.40 15.00 12.00 9.20 7.00 5.20 4.20 3.40 2.50 1.90 1.00 0.10 -0.80 -2.00 -3.40 -5.00 -6.80 -8.60 -10.50 -12.50 -15.00 -18.30 -22.50 -27.50 -33.20 -39.00 -44.40 -48.10 -48.70 -47.80 -47.30 -47.20 -47.50 -48.10 -48.90 -49.90 -51.00 -52.30 -53.70 -55.20 -56.80 -58.70 -60.80 -63.10 -65.40 -67.70 -69.90 -72.10 -74.40 -77.00 -79.90 -83.50 -87.60 -91.90 -96.00 -99.00 -99.00 -99.00 -99.00 -99.00 -99.00 -99.00 -99.00 -99.00
23.90 23.90 21.30 15.80 20.40 20.40 20.50 20.30 14.20 11.40 8.90 6.80 5.10 3.90 3.00 2.00 1.50 0.80 -0.10 -1.60 -3.30 -4.90 -6.60 -8.40 -10.40 -12.60 -14.90 -17.60 -20.80 -24.90 -29.70 -35.10 -40.60 -45.50 -49.10 -50.00 -49.50 -48.90 -48.60 -48.70 -49.10 -49.80 -50.80 -52.00 -53.30 -54.70 -56.20 -57.90 -59.80 -61.90 -64.10 -66.30 -68.50 -70.70 -72.90 -75.20 -77.70 -80.60 -84.30 -88.40 -92.50 -96.40 -99.00 -99.00 -99.00 -99.00 -99.00 -99.00 -99.00 -99.00 -99.00
19.40 23.00 18.60 15.50 15.70 18.60 20.90 19.80 13.30 10.00 8.00 6.40 5.00 3.90 2.90 2.00 1.30 0.50 -0.80 -2.80 -4.70 -6.40 -8.20 -10.20 -12.30 -14.70 -17.20 -19.90 -23.00 -26.80 -31.20 -36.00 -41.00 -45.60 -49.00 -50.30 -50.30 -50.00 -49.70 -49.70 -50.00 -50.70 -51.70 -52.90 -54.20 -55.60 -57.20 -59.00 -60.80 -62.90 -65.00 -67.20 -69.40 -71.50 -73.60 -75.90 -78.50 -81.40 -85.10 -89.20 -93.30 -97.00 -99.00 -99.00 -99.00 -99.00 -99.00 -99.00 -99.00 -99.00 -99.00
17.80 16.10 14.90 12.30 15.20 14.40 15.80 12.20 9.50 7.80 6.60 5.70 4.80 3.80 2.90 2.00 1.00 -0.20 -2.20 -4.30 -6.00 -7.60 -9.50 -11.60 -13.90 -16.40 -19.00 -21.70 -24.70 -28.00 -31.90 -36.20 -40.50 -44.60 -47.80 -49.70 -50.40 -50.50 -50.40 -50.50 -50.80 -51.50 -52.50 -53.70 -55.10 -56.60 -58.20 -59.90 -61.80 -63.80 -65.90 -68.00 -70.10 -72.20 -74.30 -76.70 -79.40 -82.40 -86.10 -90.10 -94.10 -97.70 -99.00 -99.00 -99.00 -99.00 -99.00 -99.00 -99.00 -99.00 -99.00
16.80 16.90 14.30 14.20 13.70 14.10 12.70 12.80 6.30 5.20 4.70 4.50 3.80 3.20 2.60 1.70 0.20 -1.50 -3.80 -5.60 -7.00 -8.50 -10.10 -12.40 -14.90 -17.50 -20.20 -22.80 -25.60 -28.60 -31.90 -35.60 -39.30 -42.90 -46.00 -48.30 -49.80 -50.50 -50.80 -51.10 -51.60 -52.30 -53.30 -54.60 -56.00 -57.50 -59.10 -60.90 -62.70 -64.70 -66.70 -68.70 -70.70 -72.80 -74.90 -77.20 -79.90 -83.10 -86.80 -90.90 -94.90 -99.00 -99.00 -99.00 -99.00 -99.00 -99.00 -99.00 -99.00 -99.00 -99.00
17.00 14.70 12.00 11.60 11.00 9.00 6.10 9.90 3.70 2.80 2.60 2.70 2.30 2.10 1.80 0.60 -1.10 -3.40 -5.20 -6.70 -8.00 -9.20 -10.60 -12.90 -15.40 -18.00 -20.60 -23.20 -25.70 -28.30 -31.30 -34.40 -37.70 -40.90 -43.90 -46.50 -48.80 -50.20 -50.90 -51.40 -52.10 -53.00 -54.10 -55.40 -56.90 -58.40 -60.00 -61.70 -63.50 -65.50 -67.40 -69.30 -71.20 -73.20 -75.20 -77.50 -80.20 -83.50 -87.20 -91.20 -95.30 -99.00 -99.00 -99.00 -99.00 -99.00 -99.00 -99.00 -99.00 -99.00 -99.00
13.90 11.80 9.70 7.80 7.30 7.00 3.90 2.50 1.70 1.20 1.20 1.40 1.10 0.80 0.30 -0.90 -3.10 -4.90 -6.50 -7.80 -8.90 -10.00 -11.40 -13.40 -15.80 -18.20 -20.60 -22.90 -25.10 -27.50 -30.00 -32.90 -35.90 -39.00 -42.00 -44.80 -47.40 -49.70 -50.70 -51.50 -52.30 -53.40 -54.70 -56.20 -57.70 -59.20 -60.80 -62.50 -64.20 -66.10 -67.90 -69.70 -71.50 -73.40 -75.40 -77.60 -80.30 -83.50 -87.10 -91.00 -95.00 -98.70 -99.00 -99.00 -99.00 -99.00 -99.00 -99.00 -99.00 -99.00 -99.00
11.80 9.70 7.90 6.20 4.80 2.30 1.80 0.50 0.00 -0.30 -0.50 -0.70 -0.90 -1.00 -1.50 -2.80 -4.60 -6.10 -7.40 -8.60 -9.70 -10.70 -12.00 -13.80 -16.00 -18.20 -20.30 -22.20 -24.10 -26.10 -28.30 -31.00 -34.20 -37.60 -41.30 -44.80 -47.80 -49.60 -50.20 -51.00 -52.20 -53.60 -55.10 -56.70 -58.30 -59.80 -61.40 -63.10 -64.80 -66.50 -68.30 -70.00 -71.70 -73.40 -75.30 -77.50 -80.10 -83.10 -86.50 -90.30 -94.20 -97.80 -99.00 -99.00 -99.00 -99.00 -99.00 -99.00 -99.00 -99.00 -99.00
11.00 8.70 6.90 4.30 2.00 2.20 0.40 -0.80 -1.70 -2.40 -3.00 -3.60 -3.90 -4.00 -4.20 -4.90 -6.00 -7.20 -8.30 -9.20 -10.10 -11.10 -12.40 -14.10 -16.10 -18.00 -19.80 -21.40 -22.80 -24.30 -26.30 -28.90 -32.30 -36.30 -40.70 -44.90 -48.00 -48.50 -48.80 -50.00 -51.60 -53.40 -55.20 -57.00 -58.70 -60.30 -61.90 -63.50 -65.10 -66.80 -68.50 -70.10 -71.60 -73.20 -75.00 -77.00 -79.50 -82.20 -85.50 -89.30 -93.30 -97.00 -99.00 -99.00 -99.00 -99.00 -99.00 -99.00 -99.00 -99.00 -99.00
11.30 8.90 7.00 5.60 2.20 2.00 0.00 -1.60 -2.90 -3.90 -4.80 -5.40 -5.70 -5.90 -6.10 -6.50 -7.20 -8.10 -9.10 -10.00 -10.80 -11.80 -12.90 -14.40 -16.10 -17.80 -19.30 -20.50 -21.40 -22.40 -24.00 -26.40 -29.90 -34.40 -39.40 -43.80 -46.20 -46.10 -46.50 -48.60 -50.90 -53.20 -55.30 -57.30 -59.00 -60.70 -62.20 -63.80 -65.40 -67.00 -68.60 -70.10 -71.50 -72.90 -74.50 -76.30 -78.40 -80.90 -84.20 -88.00 -92.10 -96.10 -99.00 -99.00 -99.00 -99.00 -99.00 -99.00 -99.00 -99.00 -99.00
12.30 9.60 7.50 5.90 2.40 2.10 0.00 -1.80 -3.40 -4.80 -5.70 -6.30 -6.80 -7.20 -7.40 -7.70 -8.30 -9.10 -10.10 -11.00 -11.80 -12.60 -13.50 -14.80 -16.20 -17.60 -18.80 -19.60 -20.10 -20.50 -21.50 -23.50 -26.80 -31.50 -37.00 -41.70 -42.80 -43.20 -45.10 -47.80 -50.60 -53.20 -55.50 -57.50 -59.30 -61.00 -62.50 -64.00 -65.60 -67.10 -68.60 -70.00 -71.30 -72.60 -74.00 -75.60 -77.40 -79.70 -82.70 -86.50 -90.80 -95.10 -98.90 -99.00 -99.00 -99.00 -99.00 -99.00 -99.00 -99.00 -99.00
13.40 10.30 8.00 6.20 3.50 2.10 0.00 -1.70 -3.40 -5.00 -6.10 -7.00 -7.60 -8.10 -8.40 -8.70 -9.20 -10.10 -11.20 -12.20 -12.90 -13.50 -14.20 -15.20 -16.40 -17.60 -18.50 -19.00 -19.00 -18.80 -19.00 -20.20 -23.10 -27.70 -33.50 -38.60 -39.50 -41.80 -44.70 -47.80 -50.70 -53.40 -55.80 -57.90 -59.70 -61.30 -62.80 -64.30 -65.80 -67.30 -68.80 -70.10 -71.30 -72.40 -73.60 -75.00 -76.60 -78.60 -81.20 -84.90 -89.20 -93.80 -97.90 -99.00 -99.00 -99.00 -99.00 -99.00 -99.00 -99.00 -99.00
