Test_Terrain/source/gis_input/terrain.asc
ncols         512
nrows         512
xllcorner     200000.000000
yllcorner     0.000000
cellsize      10.000000
NODATA_value  -9999
[rows 32 to 63 of 512, columns 0 to 70 of 512]
-74.60 -74.30 -74.00 -73.70 -73.40 -73.10 -72.80 -72.50 -72.20 -71.90 -71.60 -71.30 -71.00 -70.70 -70.40 -70.10 -69.80 -69.60 -69.30 -69.00 -68.70 -68.50 -68.20 -67.90 -67.70 -67.40 -67.20 -66.90 -66.60 -66.40 -66.20 -65.90 -65.70 -65.50 -65.20 -65.00 -64.80 -64.60 -64.40 -64.20 -64.00 -63.90 -63.70 -63.50 -63.40 -63.30 -63.10 -63.00 -62.90 -62.70 -62.60 -62.40 -62.20 -62.00 -61.90 -61.70 -61.50 -61.30 -61.20 -61.00 -60.90 -60.80 -60.60 -60.50 -60.40 -60.30 -60.20 -60.10 -60.10 -60.20 -60.30
-74.60 -74.30 -74.00 -73.70 -73.40 -73.10 -72.80 -72.50 -72.20 -71.90 -71.60 -71.30 -71.00 -70.80 -70.50 -70.20 -69.90 -69.60 -69.30 -69.10 -68.80 -68.50 -68.30 -68.00 -67.70 -67.50 -67.20 -67.00 -66.70 -66.50 -66.20 -66.00 -65.80 -65.60 -65.30 -65.10 -64.90 -64.70 -64.50 -64.30 -64.20 -64.00 -63.80 -63.70 -63.60 -63.40 -63.30 -63.20 -63.00 -62.90 -62.70 -62.60 -62.40 -62.20 -62.00 -61.90 -61.70 -61.50 -61.40 -61.30 -61.10 -61.00 -60.90 -60.70 -60.60 -60.50 -60.40 -60.40 -60.50 -60.60 -60.80
-74.60 -74.30 -74.00 -73.80 -73.50 -73.20 -72.90 -72.60 -72.30 -72.00 -71.70 -71.40 -71.10 -70.80 -70.50 -70.20 -69.90 -69.70 -69.40 -69.10 -68.80 -68.60 -68.30 -68.10 -67.80 -67.50 -67.30 -67.00 -66.80 -66.50 -66.30 -66.10 -65.90 -65.60 -65.40 -65.20 -65.00 -64.80 -64.70 -64.50 -64.30 -64.10 -64.00 -63.80 -63.70 -63.60 -63.50 -63.30 -63.20 -63.10 -62.90 -62.70 -62.60 -62.40 -62.20 -62.00 -61.90 -61.80 -61.60 -61.50 -61.40 -61.20 -61.10 -61.00 -60.80 -60.80 -60.70 -60.80 -60.90 -61.10 -61.30
-74.70 -74.40 -74.10 -73.80 -73.50 -73.20 -72.90 -72.60 -72.30 -72.00 -71.70 -71.40 -71.10 -70.80 -70.50 -70.30 -70.00 -69.70 -69.40 -69.20 -68.90 -68.60 -68.40 -68.10 -67.90 -67.60 -67.40 -67.10 -66.90 -66.60 -66.40 -66.20 -66.00 -65.70 -65.50 -65.30 -65.10 -65.00 -64.80 -64.60 -64.40 -64.30 -64.10 -64.00 -63.90 -63.80 -63.60 -63.50 -63.40 -63.20 -63.10 -62.90 -62.70 -62.50 -62.40 -62.20 -62.10 -62.00 -61.90 -61.70 -61.60 -61.50 -61.30 -61.20 -61.10 -61.00 -61.10 -61.20 -61.30 -61.60 -61.80
-74.70 -74.40 -74.10 -73.80 -73.50 -73.20 -72.90 -72.60 -72.30 -72.00 -71.80 -71.50 -71.20 -70.90 -70.60 -70.30 -70.00 -69.80 -69.50 -69.20 -69.00 -68.70 -68.40 -68.20 -67.90 -67.70 -67.40 -67.20 -66.90 -66.70 -66.50 -66.30 -66.10 -65.90 -65.60 -65.40 -65.30 -65.10 -64.90 -64.70 -64.60 -64.40 -64.30 -64.20 -64.10 -63.90 -63.80 -63.70 -63.60 -63.40 -63.30 -63.10 -62.90 -62.70 -62.60 -62.40 -62.30 -62.20 -62.10 -62.00 -61.80 -61.70 -61.60 -61.40 -61.40 -61.40 -61.50 -61.60 -61.80 -62.10 -62.30
-74.80 -74.50 -74.20 -73.90 -73.60 -73.30 -73.00 -72.70 -72.40 -72.10 -71.80 -71.50 -71.20 -70.90 -70.60 -70.40 -70.10 -69.80 -69.60 -69.30 -69.00 -68.80 -68.50 -68.30 -68.00 -67.80 -67.50 -67.30 -67.00 -66.80 -66.60 -66.40 -66.20 -66.00 -65.80 -65.60 -65.40 -65.20 -65.00 -64.90 -64.70 -64.60 -64.50 -64.40 -64.30 -64.10 -64.00 -63.90 -63.70 -63.60 -63.40 -63.30 -63.10 -62.90 -62.80 -62.70 -62.50 -62.40 -62.30 -62.20 -62.10 -61.90 -61.80 -61.70 -61.70 -61.80 -61.90 -62.10 -62.40 -62.60 -62.80
-74.80 -74.50 -74.20 -73.90 -73.60 -73.30 -73.00 -72.70 -72.40 -72.10 -71.80 -71.50 -71.30 -71.00 -70.70 -70.40 -70.10 -69.90 -69.60 -69.40 -69.10 -68.80 -68.60 -68.30 -68.10 -67.80 -67.60 -67.40 -67.10 -66.90 -66.70 -66.50 -66.30 -66.10 -65.90 -65.70 -65.50 -65.30 -65.20 -65.00 -64.90 -64.80 -64.70 -64.60 -64.40 -64.30 -64.20 -64.10 -63.90 -63.80 -63.60 -63.40 -63.30 -63.10 -63.00 -62.90 -62.80 -62.70 -62.50 -62.40 -62.30 -62.20 -62.10 -62.10 -62.10 -62.20 -62.40 -62.60 -62.80 -63.00 -63.10
-74.90 -74.60 -74.30 -74.00 -73.70 -73.40 -73.10 -72.80 -72.50 -72.20 -71.90 -71.60 -71.30 -71.00 -70.70 -70.50 -70.20 -69.90 -69.70 -69.40 -69.20 -68.90 -68.70 -68.40 -68.20 -67.90 -67.70 -67.50 -67.20 -67.00 -66.80 -66.60 -66.40 -66.20 -66.00 -65.80 -65.60 -65.50 -65.30 -65.20 -65.10 -65.00 -64.90 -64.70 -64.60 -64.50 -64.40 -64.30 -64.10 -64.00 -63.80 -63.60 -63.50 -63.30 -63.20 -63.10 -63.00 -62.90 -62.70 -62.60 -62.50 -62.40 -62.40 -62.40 -62.50 -62.70 -62.90 -63.10 -63.30 -63.30 -63.30
-75.00 -74.70 -74.40 -74.00 -73.70 -73.40 -73.10 -72.80 -72.50 -72.20 -71.90 -71.60 -71.40 -71.10 -70.80 -70.50 -70.30 -70.00 -69.80 -69.50 -69.20 -69.00 -68.70 -68.50 -68.20 -68.00 -67.80 -67.50 -67.30 -67.10 -66.90 -66.70 -66.50 -66.30 -66.10 -65.90 -65.80 -65.60 -65.50 -65.40 -65.30 -65.20 -65.10 -64.90 -64.80 -64.70 -64.60 -64.40 -64.30 -64.20 -64.00 -63.80 -63.70 -63.60 -63.50 -63.40 -63.20 -63.10 -63.00 -62.80 -62.70 -62.70 -62.70 -62.80 -63.00 -63.20 -63.40 -63.50 -63.60 -63.60 -63.50
-75.00 -74.70 -74.40 -74.10 -73.80 -73.50 -73.20 -72.90 -72.60 -72.30 -72.00 -71.70 -71.40 -71.10 -70.90 -70.60 -70.30 -70.10 -69.80 -69.60 -69.30 -69.10 -68.80 -68.60 -68.30 -68.10 -67.90 -67.60 -67.40 -67.20 -67.00 -66.80 -66.60 -66.40 -66.30 -66.10 -65.90 -65.80 -65.70 -65.60 -65.40 -65.30 -65.20 -65.10 -65.00 -64.90 -64.80 -64.60 -64.50 -64.30 -64.20 -64.00 -63.90 -63.80 -63.70 -63.60 -63.50 -63.30 -63.20 -63.10 -63.00 -63.10 -63.10 -63.30 -63.50 -63.60 -63.80 -63.90 -63.80 -63.70 -63.50
-75.10 -74.80 -74.50 -74.20 -73.90 -73.50 -73.20 -72.90 -72.60 -72.30 -72.00 -71.70 -71.50 -71.20 -70.90 -70.70 -70.40 -70.20 -69.90 -69.70 -69.40 -69.20 -68.90 -68.70 -68.40 -68.20 -68.00 -67.80 -67.50 -67.30 -67.10 -66.90 -66.70 -66.60 -66.40 -66.20 -66.10 -66.00 -65.90 -65.70 -65.60 -65.50 -65.40 -65.30 -65.20 -65.10 -65.00 -64.80 -64.70 -64.50 -64.40 -64.30 -64.10 -64.00 -63.90 -63.80 -63.70 -63.50 -63.40 -63.30 -63.30 -63.40 -63.60 -63.70 -63.90 -64.00 -64.10 -64.10 -64.00 -63.80 -63.50
-75.20 -74.90 -74.50 -74.20 -73.90 -73.60 -73.30 -73.00 -72.70 -72.40 -72.10 -71.80 -71.50 -71.30 -71.00 -70.70 -70.50 -70.20 -70.00 -69.70 -69.50 -69.20 -69.00 -68.80 -68.50 -68.30 -68.10 -67.90 -67.60 -67.40 -67.20 -67.10 -66.90 -66.70 -66.60 -66.40 -66.30 -66.20 -66.00 -65.90 -65.80 -65.70 -65.60 -65.50 -65.40 -65.30 -65.20 -65.00 -64.90 -64.70 -64.60 -64.50 -64.40 -64.30 -64.20 -64.00 -63.90 -63.70 -63.60 -63.60 -63.70 -63.80 -64.00 -64.20 -64.30 -64.40 -64.40 -64.30 -64.10 -63.80 -63.40
-75.20 -74.90 -74.60 -74.30 -74.00 -73.70 -73.30 -73.00 -72.70 -72.40 -72.10 -71.90 -71.60 -71.30 -71.10 -70.80 -70.60 -70.30 -70.10 -69.80 -69.60 -69.30 -69.10 -68.80 -68.60 -68.40 -68.20 -68.00 -67.80 -67.60 -67.40 -67.20 -67.00 -66.90 -66.70 -66.60 -66.50 -66.40 -66.20 -66.10 -66.00 -65.90 -65.80 -65.70 -65.60 -65.50 -65.40 -65.20 -65.10 -64.90 -64.80 -64.70 -64.60 -64.50 -64.40 -64.20 -64.10 -64.00 -63.90 -63.90 -64.10 -64.20 -64.40 -64.60 -64.70 -64.70 -64.50 -64.40 -64.10 -63.80 -63.40
-75.30 -75.00 -74.70 -74.40 -74.00 -73.70 -73.40 -73.10 -72.80 -72.50 -72.20 -71.90 -71.70 -71.40 -71.10 -70.90 -70.60 -70.40 -70.10 -69.90 -69.70 -69.40 -69.20 -68.90 -68.70 -68.50 -68.30 -68.10 -67.90 -67.70 -67.50 -67.30 -67.20 -67.00 -66.90 -66.80 -66.70 -66.60 -66.50 -66.40 -66.30 -66.20 -66.00 -65.90 -65.80 -65.70 -65.60 -65.40 -65.30 -65.20 -65.00 -64.90 -64.90 -64.80 -64.60 -64.50 -64.30 -64.20 -64.20 -64.30 -64.40 -64.60 -64.80 -64.90 -64.90 -64.90 -64.70 -64.40 -64.10 -63.70 -63.40
-75.40 -75.10 -74.70 -74.40 -74.10 -73.80 -73.50 -73.20 -72.80 -72.60 -72.30 -72.00 -71.70 -71.50 -71.20 -71.00 -70.70 -70.50 -70.20 -70.00 -69.80 -69.50 -69.30 -69.00 -68.80 -68.60 -68.40 -68.20 -68.00 -67.80 -67.70 -67.50 -67.30 -67.20 -67.10 -67.00 -66.90 -66.80 -66.70 -66.60 -66.50 -66.40 -66.30 -66.10 -66.00 -65.90 -65.80 -65.60 -65.50 -65.40 -65.30 -65.20 -65.10 -65.00 -64.90 -64.70 -64.50 -64.50 -64.50 -64.60 -64.80 -65.00 -65.20 -65.20 -65.20 -65.00 -64.80 -64.50 -64.10 -63.80 -63.40
-75.50 -75.20 -74.80 -74.50 -74.20 -73.80 -73.50 -73.20 -72.90 -72.60 -72.30 -72.10 -71.80 -71.50 -71.30 -71.00 -70.80 -70.60 -70.30 -70.10 -69.80 -69.60 -69.40 -69.20 -68.90 -68.70 -68.50 -68.30 -68.10 -68.00 -67.80 -67.70 -67.50 -67.40 -67.30 -67.20 -67.10 -67.00 -66.90 -66.80 -66.70 -66.60 -66.50 -66.30 -66.20 -66.10 -66.00 -65.90 -65.70 -65.60 -65.50 -65.40 -65.30 -65.20 -65.10 -64.90 -64.80 -64.70 -64.80 -65.00 -65.20 -65.40 -65.50 -65.50 -65.30 -65.10 -64.80 -64.50 -64.20 -63.80 -63.50
-75.60 -75.20 -74.90 -74.60 -74.20 -73.90 -73.60 -73.30 -73.00 -72.70 -72.40 -72.10 -71.90 -71.60 -71.40 -71.10 -70.90 -70.70 -70.40 -70.20 -69.90 -69.70 -69.50 -69.30 -69.00 -68.80 -68.60 -68.50 -68.30 -68.10 -68.00 -67.80 -67.70 -67.60 -67.50 -67.40 -67.30 -67.20 -67.10 -67.00 -66.90 -66.80 -66.70 -66.60 -66.40 -66.30 -66.20 -66.10 -65.90 -65.80 -65.70 -65.60 -65.60 -65.50 -65.30 -65.10 -65.00 -65.00 -65.10 -65.30 -65.50 -65.70 -65.80 -65.70 -65.50 -65.20 -64.90 -64.60 -64.30 -63.90 -63.60
-75.60 -75.30 -75.00 -74.60 -74.30 -74.00 -73.60 -73.30 -73.00 -72.70 -72.50 -72.20 -71.90 -71.70 -71.40 -71.20 -71.00 -70.70 -70.50 -70.30 -70.00 -69.80 -69.60 -69.40 -69.20 -69.00 -68.80 -68.60 -68.40 -68.30 -68.20 -68.00 -67.90 -67.80 -67.70 -67.60 -67.50 -67.40 -67.30 -67.20 -67.10 -67.00 -66.90 -66.80 -66.60 -66.50 -66.40 -66.30 -66.20 -66.00 -65.90 -65.90 -65.80 -65.70 -65.50 -65.40 -65.30 -65.30 -65.40 -65.70 -65.90 -66.00 -66.00 -65.80 -65.60 -65.30 -65.00 -64.70 -64.40 -64.10 -63.80
-75.70 -75.40 -75.00 -74.70 -74.40 -74.00 -73.70 -73.40 -73.10 -72.80 -72.50 -72.30 -72.00 -71.80 -71.50 -71.30 -71.10 -70.80 -70.60 -70.40 -70.10 -69.90 -69.70 -69.50 -69.30 -69.10 -68.90 -68.80 -68.60 -68.50 -68.30 -68.20 -68.10 -68.00 -67.90 -67.80 -67.70 -67.60 -67.50 -67.40 -67.30 -67.20 -67.10 -67.00 -66.90 -66.70 -66.60 -66.50 -66.40 -66.20 -66.10 -66.10 -66.00 -65.90 -65.80 -65.60 -65.50 -65.60 -65.80 -66.00 -66.20 -66.30 -66.20 -66.00 -65.70 -65.40 -65.10 -64.80 -64.60 -64.30 -64.00
-75.80 -75.50 -75.10 -74.80 -74.40 -74.10 -73.80 -73.50 -73.20 -72.90 -72.60 -72.30 -72.10 -71.90 -71.60 -71.40 -71.20 -70.90 -70.70 -70.50 -70.20 -70.00 -69.80 -69.60 -69.40 -69.20 -69.10 -68.90 -68.80 -68.60 -68.50 -68.40 -68.30 -68.20 -68.10 -68.00 -67.90 -67.80 -67.80 -67.70 -67.50 -67.40 -67.30 -67.20 -67.10 -67.00 -66.90 -66.70 -66.60 -66.40 -66.40 -66.30 -66.30 -66.10 -66.00 -65.80 -65.80 -65.80 -66.00 -66.30 -66.40 -66.50 -66.40 -66.20 -65.90 -65.60 -65.30 -65.00 -64.70 -64.50 -64.20
-75.90 -75.50 -75.20 -74.80 -74.50 -74.20 -73.80 -73.50 -73.20 -73.00 -72.70 -72.40 -72.20 -71.90 -71.70 -71.50 -71.30 -71.00 -70.80 -70.60 -70.30 -70.10 -69.90 -69.70 -69.50 -69.40 -69.20 -69.10 -69.00 -68.80 -68.70 -68.60 -68.50 -68.40 -68.40 -68.30 -68.20 -68.10 -68.00 -67.90 -67.80 -67.70 -67.50 -67.40 -67.30 -67.20 -67.10 -67.00 -66.80 -66.70 -66.60 -66.60 -66.50 -66.40 -66.20 -66.00 -66.00 -66.10 -66.30 -66.50 -66.70 -66.70 -66.60 -66.30 -66.10 -65.80 -65.50 -65.20 -64.90 -64.70 -64.50
-76.00 -75.60 -75.30 -74.90 -74.60 -74.20 -73.90 -73.60 -73.30 -73.00 -72.80 -72.50 -72.30 -72.00 -71.80 -71.60 -71.40 -71.10 -70.90 -70.70 -70.40 -70.20 -70.00 -69.90 -69.70 -69.50 -69.40 -69.30 -69.10 -69.00 -68.90 -68.80 -68.70 -68.70 -68.60 -68.50 -68.40 -68.30 -68.20 -68.10 -68.00 -67.90 -67.80 -67.60 -67.50 -67.40 -67.30 -67.20 -67.00 -66.90 -66.80 -66.80 -66.70 -66.60 -66.40 -66.30 -66.20 -66.30 -66.60 -66.80 -66.90 -66.90 -66.80 -66.60 -66.30 -66.00 -65.70 -65.40 -65.20 -64.90 -64.70
-76.10 -75.70 -75.40 -75.00 -74.60 -74.30 -74.00 -73.70 -73.40 -73.10 -72.80 -72.60 -72.40 -72.10 -71.90 -71.70 -71.50 -71.20 -71.00 -70.80 -70.60 -70.40 -70.20 -70.00 -69.80 -69.70 -69.60 -69.50 -69.30 -69.20 -69.10 -69.10 -69.00 -68.90 -68.80 -68.70 -68.60 -68.50 -68.40 -68.30 -68.20 -68.10 -68.00 -67.90 -67.80 -67.60 -67.50 -67.40 -67.20 -67.10 -67.00 -67.00 -67.00 -66.80 -66.70 -66.50 -66.40 -66.60 -66.80 -67.10 -67.20 -67.20 -67.00 -66.80 -66.50 -66.20 -65.90 -65.70 -65.40 -65.20 -65.00
-76.20 -75.80 -75.40 -75.10 -74.70 -74.40 -74.10 -73.80 -73.50 -73.20 -72.90 -72.70 -72.50 -72.20 -72.00 -71.80 -71.60 -71.30 -71.10 -70.90 -70.70 -70.50 -70.30 -70.20 -70.00 -69.90 -69.80 -69.60 -69.50 -69.40 -69.40 -69.30 -69.20 -69.10 -69.00 -68.90 -68.90 -68.80 -68.70 -68.60 -68.40 -68.30 -68.20 -68.10 -68.00 -67.90 -67.70 -67.60 -67.40 -67.30 -67.30 -67.20 -67.20 -67.10 -66.90 -66.70 -66.70 -66.80 -67.10 -67.30 -67.40 -67.40 -67.30 -67.00 -66.80 -66.50 -66.20 -65.90 -65.70 -65.40 -65.20
-76.30 -75.90 -75.50 -75.20 -74.80 -74.50 -74.10 -73.80 -73.60 -73.30 -73.00 -72.80 -72.60 -72.30 -72.10 -71.90 -71.70 -71.40 -71.20 -71.00 -70.80 -70.60 -70.50 -70.30 -70.20 -70.10 -70.00 -69.80 -69.80 -69.70 -69.60 -69.50 -69.40 -69.30 -69.30 -69.20 -69.10 -69.00 -68.90 -68.80 -68.70 -68.60 -68.50 -68.30 -68.20 -68.10 -68.00 -67.80 -67.70 -67.50 -67.50 -67.50 -67.40 -67.30 -67.10 -66.90 -66.90 -67.00 -67.30 -67.50 -67.70 -67.70 -67.50 -67.30 -67.00 -66.70 -66.40 -66.20 -65.90 -65.70 -65.50
-76.40 -76.00 -75.60 -75.20 -74.90 -74.50 -74.20 -73.90 -73.60 -73.40 -73.10 -72.90 -72.70 -72.50 -72.20 -72.00 -71.80 -71.50 -71.30 -71.10 -70.90 -70.80 -70.60 -70.50 -70.40 -70.30 -70.20 -70.10 -70.00 -69.90 -69.80 -69.70 -69.70 -69.60 -69.50 -69.40 -69.30 -69.20 -69.10 -69.00 -68.90 -68.80 -68.70 -68.60 -68.40 -68.30 -68.20 -68.00 -67.90 -67.80 -67.70 -67.70 -67.70 -67.50 -67.30 -67.20 -67.10 -67.20 -67.50 -67.80 -67.90 -67.90 -67.80 -67.60 -67.30 -67.00 -66.70 -66.40 -66.20 -66.00 -65.70
-76.50 -76.10 -75.70 -75.30 -75.00 -74.60 -74.30 -74.00 -73.70 -73.50 -73.20 -73.00 -72.80 -72.60 -72.40 -72.10 -71.90 -71.70 -71.40 -71.20 -71.10 -70.90 -70.80 -70.70 -70.60 -70.50 -70.40 -70.30 -70.20 -70.10 -70.00 -70.00 -69.90 -69.80 -69.70 -69.60 -69.60 -69.50 -69.40 -69.30 -69.10 -69.00 -68.90 -68.80 -68.60 -68.50 -68.40 -68.30 -68.10 -68.00 -68.00 -68.00 -67.90 -67.80 -67.60 -67.40 -67.30 -67.50 -67.80 -68.00 -68.20 -68.20 -68.10 -67.80 -67.50 -67.30 -67.00 -66.70 -66.50 -66.20 -66.00
-76.60 -76.20 -75.80 -75.40 -75.10 -74.70 -74.40 -74.10 -73.90 -73.60 -73.30 -73.10 -72.90 -72.70 -72.50 -72.20 -72.00 -71.80 -71.60 -71.40 -71.20 -71.10 -71.00 -70.90 -70.80 -70.70 -70.60 -70.50 -70.40 -70.30 -70.30 -70.20 -70.10 -70.00 -70.00 -69.90 -69.80 -69.70 -69.60 -69.50 -69.40 -69.30 -69.10 -69.00 -68.90 -68.70 -68.60 -68.50 -68.30 -68.20 -68.20 -68.20 -68.10 -68.00 -67.80 -67.60 -67.60 -67.70 -68.00 -68.30 -68.40 -68.40 -68.30 -68.10 -67.80 -67.50 -67.20 -67.00 -66.70 -66.50 -66.30
-76.70 -76.30 -75.90 -75.50 -75.20 -74.80 -74.50 -74.20 -74.00 -73.70 -73.50 -73.20 -73.00 -72.80 -72.60 -72.40 -72.10 -71.90 -71.70 -71.50 -71.40 -71.30 -71.20 -71.10 -71.00 -70.90 -70.80 -70.70 -70.60 -70.60 -70.50 -70.40 -70.40 -70.30 -70.20 -70.10 -70.00 -69.90 -69.80 -69.70 -69.60 -69.50 -69.40 -69.20 -69.10 -69.00 -68.80 -68.70 -68.60 -68.50 -68.40 -68.40 -68.40 -68.20 -68.00 -67.80 -67.80 -67.90 -68.20 -68.50 -68.70 -68.70 -68.60 -68.30 -68.10 -67.80 -67.50 -67.20 -67.00 -66.80 -66.50
-76.90 -76.50 -76.10 -75.70 -75.30 -75.00 -74.70 -74.40 -74.10 -73.80 -73.60 -73.40 -73.20 -73.00 -72.70 -72.50 -72.20 -72.00 -71.80 -71.70 -71.50 -71.40 -71.40 -71.30 -71.20 -71.10 -71.00 -70.90 -70.90 -70.80 -70.70 -70.70 -70.60 -70.50 -70.40 -70.40 -70.30 -70.20 -70.10 -70.00 -69.90 -69.70 -69.60 -69.50 -69.30 -69.20 -69.10 -68.90 -68.80 -68.70 -68.70 -68.70 -68.60 -68.40 -68.20 -68.00 -68.00 -68.20 -68.50 -68.80 -69.00 -69.00 -68.80 -68.60 -68.30 -68.00 -67.70 -67.50 -67.30 -67.00 -66.80
-77.00 -76.60 -76.20 -75.80 -75.40 -75.10 -74.80 -74.50 -74.20 -74.00 -73.70 -73.50 -73.30 -73.10 -72.90 -72.60 -72.40 -72.10 -72.00 -71.80 -71.70 -71.60 -71.60 -71.50 -71.40 -71.30 -71.30 -71.20 -71.10 -71.00 -71.00 -70.90 -70.80 -70.80 -70.70 -70.60 -70.50 -70.40 -70.30 -70.20 -70.10 -70.00 -69.80 -69.70 -69.60 -69.40 -69.30 -69.20 -69.10 -69.00 -68.90 -68.90 -68.80 -68.60 -68.40 -68.30 -68.30 -68.40 -68.80 -69.10 -69.20 -69.20 -69.10 -68.80 -68.50 -68.20 -68.00 -67.70 -67.50 -67.30 -67.10
-77.20 -76.70 -76.30 -75.90 -75.60 -75.20 -74.90 -74.60 -74.40 -74.10 -73.90 -73.60 -73.40 -73.20 -73.00 -72.70 -72.50 -72.30 -72.10 -72.00 -71.90 -71.80 -71.80 -71.70 -71.70 -71.60 -71.50 -71.40 -71.30 -71.30 -71.20 -71.10 -71.10 -71.00 -70.90 -70.90 -70.80 -70.70 -70.60 -70.50 -70.30 -70.20 -70.10 -69.90 -69.80 -69.70 -69.60 -69.50 -69.30 -69.20 -69.20 -69.10 -69.00 -68.80 -68.60 -68.50 -68.50 -68.70 -69.10 -69.40 -69.50 -69.50 -69.30 -69.10 -68.80 -68.50 -68.20 -68.00 -67.70 -67.50 -67.30
